1.000000000000000000e+00
9.999999999999997780e-01
1.015662101804723383e+00
9.860859509984517546e-01
1.008906766594400262e+00
1.003352001767193746e+00
9.947851720343073856e-01
9.767804134421480544e-01
9.993312716804425566e-01
9.857781734109218874e-01
8.937827498042686392e-01
1.057320887844879875e+00
9.916014880441731405e-01
9.501491098441954275e-01
1.033638366335761116e+00
9.738348565009945501e-01
9.899222747942201250e-01
1.016340007006455215e+00
1.000410658385834761e+00
1.037254365491061314e+00
9.866068783668446862e-01
9.918756561156316653e-01
1.011010823825579275e+00
9.399082048046119020e-01
9.961098856429037030e-01
9.589701354072012185e-01
1.013219982643276840e+00
1.029242598459790159e+00
1.022286217837292899e+00
9.956446528767015636e-01
1.013747452446555730e+00
9.998875573869328015e-01
9.710065114750884296e-01
1.018884065784402937e+00
9.806056943688157279e-01
9.857434085569498627e-01
1.004821433167466527e+00
9.893422107013339906e-01
1.013679096909997801e+00
1.022154828551365968e+00
1.026742138625788447e+00
9.976780813338345100e-01
1.014263137844038321e+00
9.992482635537635050e-01
9.888841949713288448e-01
1.001479578994651787e+00
9.937466846040693413e-01
9.828911436413565461e-01
9.972353755251875951e-01
9.921411241120962066e-01
1.002097959702648255e+00
1.015016554004382732e+00
1.007607622474002262e+00
1.009112540534669034e+00
1.028279025093343568e+00
1.049741022909280952e+00
1.046187074940461370e+00
1.026355802973188514e+00
1.030555583140811526e+00
1.030555583140811304e+00
1.053800971514974982e+00
1.064093991368006087e+00
1.074069393663300787e+00
1.055446700784040903e+00
1.068531093641525986e+00
1.053256925849141545e+00
1.046394904446917851e+00
1.005376634114796275e+00
9.871208694534074901e-01
9.950152289085860691e-01
1.012184847509476793e+00
9.773257250284701492e-01
9.633286727592015319e-01
9.813293493718263649e-01
9.813293493718259208e-01
1.016619579922012573e+00
9.959546691915380778e-01
1.005770442237946538e+00
9.934565918068546386e-01
9.930736635816685975e-01
1.020968524014464807e+00
1.059485606268915525e+00
1.051715116960299845e+00
1.066105234618420772e+00
1.052273431757506872e+00
1.084519584440281070e+00
1.087962734414494204e+00
1.083739114213108312e+00
1.125418207688201777e+00
1.126934580061817570e+00
1.115941229158751824e+00
1.117093024781579569e+00
1.120394558186572409e+00
1.114628229996811104e+00
1.102863581233731738e+00
1.105925928952853576e+00
1.127287772201098992e+00
1.113200238886038251e+00
1.126599776945740539e+00
1.129415515460068464e+00
1.123821462401335847e+00
1.112479247775720825e+00
1.099746014187253929e+00
1.112739957754998565e+00
1.118426971394468117e+00
1.118502419108581059e+00
1.118497120843541248e+00
1.118497120843541914e+00
1.118497120843543913e+00
1.118497120843548354e+00
1.149363457304859448e+00
1.170148767727115846e+00
1.161724118217526858e+00
1.168695391106327808e+00
1.176402529711973788e+00
1.184840736009737272e+00
1.184840736009738826e+00
1.198526129557099029e+00
1.173807199717978200e+00
1.198012235279012572e+00
1.178213757699435593e+00
1.156025406149278734e+00
1.159118980097856744e+00
1.150594320588453234e+00
1.127425047449891693e+00
1.107436554143146790e+00
1.099487463881489768e+00
1.098676418210530858e+00
1.138799811729996225e+00
1.148981554309552067e+00
1.161319642717462131e+00
1.152466939574504634e+00
1.167361118225407113e+00
1.163691317184956553e+00
1.178150687000919516e+00
1.192826453457463298e+00
1.182996172629103393e+00
1.173145718281494609e+00
1.168683050561402759e+00
1.182233958533327023e+00
1.178649898901922288e+00
1.136877195757098002e+00
1.140212505005482768e+00
1.128057815086231486e+00
1.145451017709550490e+00
1.161445962479336291e+00
1.160625475834658360e+00
1.160335056401901266e+00
1.147823744518949418e+00
1.159180559891527462e+00
1.168114862159977063e+00
1.100793354708564431e+00
1.102879719612508636e+00
1.066627842953801864e+00
1.068472603438058499e+00
1.041812477156737415e+00
1.059265655102725079e+00
1.015589317914214806e+00
9.876334799905936990e-01
9.638513331230604830e-01
1.031142801899233685e+00
1.026943352917015329e+00
1.026943352917015106e+00
1.011174135861304446e+00
1.001650966472862558e+00
1.034348462431117444e+00
1.046358138447383013e+00
1.031710249505932930e+00
1.018724424813832297e+00
1.038743791119830284e+00
1.047575085721099253e+00
1.044178731322378706e+00
1.047902476967010443e+00
1.032384086572570414e+00
1.010752818832943545e+00
1.007209198810098405e+00
1.016872409583509773e+00
1.027472477256605732e+00
1.003231204546160660e+00
9.889182136487755237e-01
9.950618624442625348e-01
9.828738722138237183e-01
9.626175195153027220e-01
9.722525509986338355e-01
9.626845561875955193e-01
9.563246839937873389e-01
9.708213666433335165e-01
9.707685247151750518e-01
9.968302109067530559e-01
9.971697768570250142e-01
9.923039979025413126e-01
9.946311688521032313e-01
9.959576042769234805e-01
9.884888280634892554e-01
1.003632489452363608e+00
1.012338386582806615e+00
9.961619143477791205e-01
9.875143504636059166e-01
9.924538394820303644e-01
9.979155696891051086e-01
1.002029632543426807e+00
9.690530962780510293e-01
9.582153494001161009e-01
9.644595699430278390e-01
9.753182198545480297e-01
9.619909766652917638e-01
9.861375602677712182e-01
9.946557368891477680e-01
1.004502493260777118e+00
9.909034099952400698e-01
9.894475776978161052e-01
9.933146738580687085e-01
9.916054577249900914e-01
9.920510900030691248e-01
9.879072077278628905e-01
1.001588119870490567e+00
1.012695979836976568e+00
1.013023841809347569e+00
1.010363194508733686e+00
1.003384100551428793e+00
9.889034184892542267e-01
1.000240519539987716e+00
1.037322015815394849e+00
1.026436369874610621e+00
1.049166508870163828e+00
1.068435235944406259e+00
1.079978268938306618e+00
1.078839467646236505e+00
1.092039524138278761e+00
1.103170989538469593e+00
1.107303391907912937e+00
1.124249223673908560e+00
1.105398289347724994e+00
1.118808919634971533e+00
1.113798834720596043e+00
1.129243779610412668e+00
1.115106884564256218e+00
1.120441334053383198e+00
1.133574902511333971e+00
1.137875028174797576e+00
1.137580438733875488e+00
1.135816190772014789e+00
1.135816190772014567e+00
1.130148464071847769e+00
1.120708888260200098e+00
1.134729979796377020e+00
1.138358978597414861e+00
1.152432228422960447e+00
1.152432228422960225e+00
1.163801684120980395e+00
1.158276485370055786e+00
1.161911222935185339e+00
1.161884348999999039e+00
1.172835884532538619e+00
1.174463339401635498e+00
1.176792629936499912e+00
1.174214800937963155e+00
1.174565838730145861e+00
1.164916427448659642e+00
1.159208536444078508e+00
1.159208536444078286e+00
1.164537369485328711e+00
1.177453020818172602e+00
1.197139363095934605e+00
1.196938673314674739e+00
1.212043498938216501e+00
1.203631721476761784e+00
1.210875891676619576e+00
1.225514431513853753e+00
1.225552851959696099e+00
1.224250083750147100e+00
1.230155690990291095e+00
1.224730977218187800e+00
1.239610870637873008e+00
1.248492881742660598e+00
1.256175539476752423e+00
1.262249164518904232e+00
1.220465603263321874e+00
1.240290568275876248e+00
1.228424908180665964e+00
1.216760545175972430e+00
1.223951093835169202e+00
1.266494722831533526e+00
1.277466208419280047e+00
1.272779860271875174e+00
1.279790646559947787e+00
1.280917100326318447e+00
1.277853107595112725e+00
1.265922135597487230e+00
1.270759235800147380e+00
1.281348194808048291e+00
1.263185193611227941e+00
1.262057539538192552e+00
1.335901494006284995e+00
1.369466878916686614e+00
1.369466878917153796e+00
1.372823605822804272e+00
1.426528006346627686e+00
1.426528006351593714e+00
1.439954016764843248e+00
1.426528006356964084e+00
1.403032174114925201e+00
1.436597559025291071e+00
1.446667201415130055e+00
1.480232406884950169e+00
1.523867703353331438e+00
1.497015323650504159e+00
1.544006808693427990e+00
1.584285198813304874e+00
1.564146093479773070e+00
1.564146093483053779e+00
1.564146093489118261e+00
1.564146093490886402e+00
1.520511066190396443e+00
1.520511066194701222e+00
1.503728508327783597e+00
1.443310743711018196e+00
1.453380296379984227e+00
1.433241101322375588e+00
1.453380296383476100e+00
1.429884733304696010e+00
1.460093301591226300e+00
1.362753873762331036e+00
1.362753873762844625e+00
1.342614588983496837e+00
1.366110600669465436e+00
1.416458274294419617e+00
1.423171369220949334e+00
1.426528006405522131e+00
1.419814911479085673e+00
1.443310743722121314e+00
1.453380296391289184e+00
1.436597559075730501e+00
1.436597559075841080e+00
1.409745269091963182e+00
1.423171369225527449e+00
1.439954016821146210e+00
1.453380296395503590e+00
1.463450118227371366e+00
1.460093301601601334e+00
1.450023838653625274e+00
1.429884733315758050e+00
1.443310743727273415e+00
1.450023838655913000e+00
1.493658686516717404e+00
1.476876038924002099e+00
1.466806396536415757e+00
1.460093301612003014e+00
1.456737113033207409e+00
1.443310743740800151e+00
1.453380296416948880e+00
1.470163213184121132e+00
1.423171369258759311e+00
1.451174905438149976e+00
1.454346308301918356e+00
1.446498875941230944e+00
1.497447605897000100e+00
1.540593622628429804e+00
1.376665707379668202e+00
1.414126433762241897e+00
1.365864855148341217e+00
1.365864855149161006e+00
1.444120569546789801e+00
1.606738313408053509e+00
1.563076884530250954e+00
1.691877948781064012e+00
1.615470578366410725e+00
1.523781692238789676e+00
1.514785912914229371e+00
1.607373330666920674e+00
1.672551898444257557e+00
1.627231129110668917e+00
1.590631144942384445e+00
1.564706503555250761e+00
1.608725053519828307e+00
1.601544338819506308e+00
1.593116652961750868e+00
1.593116652963324942e+00
1.557422130471383781e+00
1.581830032508798389e+00
1.607002698357638204e+00
1.605176806130066192e+00
1.548780497169312209e+00
1.431014925417186445e+00
1.416215889299909270e+00
1.500304978963526770e+00
1.462861681989430451e+00
1.468737414845995293e+00
1.453196118808642190e+00
1.432320271899862663e+00
1.394960647230140571e+00
1.419893375419468473e+00
1.415237062752165542e+00
1.451785606887688873e+00
1.449365060090459290e+00
1.427569572722807045e+00
1.444707013037724419e+00
1.441113392402216586e+00
1.446319480071064145e+00
1.424041432459793644e+00
1.426591507639187295e+00
1.404783532089160625e+00
1.403745120210041941e+00
1.450595713390476993e+00
1.495383779420667691e+00
1.443097960137236901e+00
1.409950693885103190e+00
1.420962941462513118e+00
1.427816970280597175e+00
1.415904343538328058e+00
1.408148582166733664e+00
1.361312166701546200e+00
1.386574392205679684e+00
1.420153050318639698e+00
1.424610611866399701e+00
1.447999460808509831e+00
1.446653331086017902e+00
1.449461922212747167e+00
1.444078158006729229e+00
1.445939807965413770e+00
1.430647385489592915e+00
1.435514437385523534e+00
1.453367763898312459e+00
1.453367763898312237e+00
1.456203201485826604e+00
1.470724374610496099e+00
1.481883176494105836e+00
1.489321802004518247e+00
1.496313095535565019e+00
1.499454860586821203e+00
1.504233056854395789e+00
1.504810428356301077e+00
1.488331369086085321e+00
1.484642031720270428e+00
1.479145634956955835e+00
1.488558607434646408e+00
1.501941060131886996e+00
1.512340924287009170e+00
1.527209677641165664e+00
1.529008720531848997e+00
1.538460357255002631e+00
1.536706549038488134e+00
1.537948623577112706e+00
1.517985844865826328e+00
1.523987310407471041e+00
1.538751087511053051e+00
1.510125043071522510e+00
1.496747247300954653e+00
1.496848035986866110e+00
1.485272040543422323e+00
1.472335910344761523e+00
1.453777922479120521e+00
1.465870453684361641e+00
1.501489986476950200e+00
1.507711927659095563e+00
1.508374061519112352e+00
1.488597059456248095e+00
1.507752935945387174e+00
1.530740109673369931e+00
1.525181144634624841e+00
1.531351824270859918e+00
1.551385860880964751e+00
1.551337652044377791e+00
1.547927132995692512e+00
1.527435854249355129e+00
1.526238773356965783e+00
1.571070916212897295e+00
1.538817211474841073e+00
1.520283239445164636e+00
1.512405233210778688e+00
1.510527120768083709e+00
1.465763114466565487e+00
1.465000627080567552e+00
1.468385826382303083e+00
1.432363195912511600e+00
1.455601176814886655e+00
1.488623383367658315e+00
1.491022855102528633e+00
1.516208578576783816e+00
1.526198282088361724e+00
1.549076228661475652e+00
1.531022178536385780e+00
1.539347264874885601e+00
1.523381223971127074e+00
1.502400073704410088e+00
1.523009537305373584e+00
1.523366314303728375e+00
1.514662836666093693e+00
1.522099328351580239e+00
1.538075631424996814e+00
1.549221215339872781e+00
1.549106984284687849e+00
1.559345478308867827e+00
1.573754942104676369e+00
1.566500754403063578e+00
1.561124153810768966e+00
1.564371270255935586e+00
1.556096385549989192e+00
1.581695095960611530e+00
1.581746505134561165e+00
1.589958984807753994e+00
1.619618609178642421e+00
1.617402816668486398e+00
1.617402816668486176e+00
1.649561477098658413e+00
1.665084840143107092e+00
1.664371439966003674e+00
1.656132616912384448e+00
1.626213029510722441e+00
1.626213029510721997e+00
1.631875905160599993e+00
1.619612082174672230e+00
1.600171432975053376e+00
1.594104567234245762e+00
1.613666289710137702e+00
1.623855227844914095e+00
1.627165980613900276e+00
1.642586415089712704e+00
1.645671897442950948e+00
1.647157121043341999e+00
1.661877845382589314e+00
1.661877845382588870e+00
1.656758158393156766e+00
1.642768995991370939e+00
1.622610565522440984e+00
1.598157626653886609e+00
1.591049996205610162e+00
1.599953648431144515e+00
1.586390903324925272e+00
1.574031079906593078e+00
1.523665914020672307e+00
1.536907080326359587e+00
1.577463799624452490e+00
1.562911954128961112e+00
1.557923596914106534e+00
1.476456948152607085e+00
1.490847878416294625e+00
1.522800923747595014e+00
1.540323545279051354e+00
1.543462646669037319e+00
1.505946458882345684e+00
1.519882819406304097e+00
1.530314973967445757e+00
1.550081890793478578e+00
1.560379439738477592e+00
1.572931310224600310e+00
1.578673758330196186e+00
1.599884484642167815e+00
1.591023931156187121e+00
1.595561714625702177e+00
1.562090373190665460e+00
1.574838239491003211e+00
1.568592360971391653e+00
1.568859279908133342e+00
1.556083510996278063e+00
1.576680673058020510e+00
1.564208914279289431e+00
1.543543727484823824e+00
1.571227278778711822e+00
1.581043308859603647e+00
1.591802393624397460e+00
1.597295033844025713e+00
1.593708397567751067e+00
1.598897230807060366e+00
1.598897230807059922e+00
1.576716425955877243e+00
1.580050007814362001e+00
1.571342504100224247e+00
1.511711195961225496e+00
1.517756768059803862e+00
1.497251595288211945e+00
1.517917459222879684e+00
1.514960246461326987e+00
1.517581408785308783e+00
1.540710223220334907e+00
1.514445202970189364e+00
1.513298389951118095e+00
1.510217350739563313e+00
1.518859894778226360e+00
1.511413490386710468e+00
1.483097325738671701e+00
1.526458750359869887e+00
1.500414955836685493e+00
1.482973943800817151e+00
1.487460073285025608e+00
1.479106856705797446e+00
1.465973192171011075e+00
1.447700913254589050e+00
1.435265965394914245e+00
1.423689424894179378e+00
1.371206164337295474e+00
1.413235141296902642e+00
1.411615207737190625e+00
1.432188766156232029e+00
1.431914603168366940e+00
1.436901927654118616e+00
1.400525852720570619e+00
1.404149673557332889e+00
1.408195248078833117e+00
1.389465886330197852e+00
1.371412018714077252e+00
1.375226984181368239e+00
