1.000000000000000000e+00
9.999999999999997780e-01
1.012285494339232539e+00
1.004222503947453271e+00
1.007749782150206830e+00
1.015636152453665231e+00
1.007244822685458008e+00
9.955715850039913439e-01
1.008735948721553921e+00
9.753724886114204518e-01
9.989637033732435833e-01
1.007498790782647369e+00
9.830046638542037085e-01
9.995539764114437231e-01
9.880146818036678047e-01
9.571209431014127134e-01
1.047433504540432603e+00
9.683774617930840378e-01
1.012589027613073567e+00
1.016624746393421486e+00
1.007826592276379163e+00
9.998721485567284573e-01
1.018034606963513999e+00
1.004528736496149488e+00
9.979658575752550220e-01
9.868963547770244205e-01
1.008047619255488581e+00
1.020300296319911482e+00
1.001704821773733878e+00
9.916333602589272322e-01
9.951653700057243590e-01
1.003855102764762197e+00
1.005107930285552342e+00
1.004296709449126634e+00
9.819091689032756198e-01
1.013349703773251287e+00
9.990542422513043475e-01
1.023939615618124188e+00
1.009350240061639203e+00
9.987118922826105916e-01
9.931485800411331555e-01
1.017548668023194880e+00
9.979357790197223022e-01
1.004662331702190547e+00
1.004619939438062604e+00
1.004394006832697528e+00
9.979649990591430431e-01
9.973421870413997636e-01
9.870672374421640693e-01
9.855553672016487132e-01
9.973501784562421868e-01
1.006860882005569779e+00
1.027078364926737208e+00
1.022478272987468406e+00
1.022478272987468628e+00
1.053602936161971426e+00
1.064986589295983332e+00
1.063466866139355593e+00
1.095138160845802844e+00
1.104982389799812781e+00
1.090788718194897866e+00
1.105910407700588793e+00
1.118448433825925736e+00
1.110000552406205099e+00
1.098817279118958101e+00
1.107794671821640708e+00
1.090882164349369798e+00
1.075911983341592659e+00
1.080149074536189024e+00
1.100782664812324008e+00
1.092032285968756344e+00
1.072197196400635155e+00
1.178855432755129717e+00
1.134227231591902640e+00
1.103071712130966109e+00
1.089662264899042166e+00
1.130312791192337407e+00
1.134389090657392352e+00
1.151175187506588316e+00
1.149469399940677983e+00
1.104156729897673550e+00
1.077778803172522393e+00
1.084018114920389131e+00
1.113207009298815553e+00
1.121574645554135108e+00
1.142892965553931939e+00
1.141019307633173385e+00
1.160374576941297420e+00
1.160437056766833619e+00
1.157803734452329758e+00
1.148218678682488836e+00
1.123107601395297639e+00
1.127394653909223665e+00
1.125365521662261781e+00
1.130785442272228103e+00
1.134227802895421577e+00
1.137496520197079919e+00
1.132068394740633810e+00
1.136950219494493597e+00
1.151494791284069397e+00
1.190428850640449010e+00
1.213294153374173456e+00
1.217006366873589318e+00
1.216751088305440875e+00
1.207509098527748126e+00
1.198284491959751952e+00
1.203445799585693532e+00
1.201610379443810439e+00
1.193860986878370056e+00
1.171646568795469801e+00
1.173703392879272167e+00
1.177322042425109183e+00
1.161858583209300688e+00
1.160168222455473241e+00
1.161013254533915129e+00
1.176483649550636779e+00
1.181304544751205832e+00
1.183028309205062634e+00
1.190517492296917501e+00
1.194512245050266541e+00
1.189762474360021471e+00
1.189915112910140627e+00
1.199256178680612406e+00
1.197796311278662706e+00
1.189812882706352104e+00
1.191253687380273929e+00
1.194963765561309454e+00
1.190188111541501392e+00
1.177910944274955352e+00
1.174643278785769018e+00
1.179580631994165074e+00
1.182358748659419367e+00
1.185646584259688385e+00
1.179865220211907539e+00
1.149350398910604198e+00
1.152308183924665386e+00
1.167546369544491647e+00
1.174498686285312177e+00
1.180518808015437626e+00
1.156231791910650841e+00
1.155416241299676239e+00
1.137480752569954401e+00
1.126583117916511556e+00
1.159857449351704428e+00
1.152603602394759230e+00
1.169606606061969201e+00
1.175581935613509765e+00
1.153723043646298185e+00
1.149490967226169946e+00
1.129967998817711372e+00
1.126763255880254722e+00
1.100525794617854825e+00
1.128987509807441780e+00
1.145518898238101047e+00
1.133825359636932095e+00
1.142161312966088582e+00
1.174916434331098269e+00
1.179118045960274141e+00
1.184669989692081371e+00
1.179300669890116948e+00
1.196758853229711539e+00
1.188348652621574075e+00
1.185648692229359424e+00
1.189746799391837584e+00
1.166654261535496007e+00
1.190596993878260124e+00
1.204596742539281617e+00
1.202125121925957441e+00
1.217719971203035989e+00
1.225616269856947715e+00
1.226459817276799535e+00
1.222338415355586294e+00
1.220117361473282980e+00
1.235730734248991380e+00
1.237145078419662036e+00
1.219464630691555307e+00
1.230611218679852348e+00
1.232927495771542148e+00
1.210147943195134523e+00
1.200516332825308119e+00
1.210500972736149761e+00
1.209524011572812086e+00
1.203761215094591774e+00
1.224791336335576464e+00
1.237294367414987661e+00
1.237069213009504232e+00
1.230412990444582189e+00
1.238714225316118300e+00
1.238040758492549465e+00
1.240385780887641509e+00
1.215225723601026431e+00
1.225623742546409600e+00
1.234273285796535058e+00
1.231524845684483838e+00
1.256760101965353593e+00
1.258928878788839745e+00
1.263737705926661681e+00
1.267790631439517979e+00
1.275429250969432715e+00
1.277102686942839238e+00
1.287688269702522037e+00
1.297426157188028117e+00
1.287281552721489586e+00
1.293007514622864784e+00
1.329964110441673508e+00
1.327690895388971226e+00
1.317607310467335147e+00
1.306103288010737495e+00
1.290105208157755756e+00
1.285727859085804559e+00
1.279933467473542086e+00
1.296973317946423565e+00
1.297760238612111205e+00
1.301746496228315397e+00
1.291412804529080471e+00
1.292956770419463775e+00
1.280967423512477499e+00
1.270186737469207516e+00
1.262713214798466987e+00
1.246727948868588509e+00
1.274191922533586707e+00
1.251443392787727982e+00
1.275868263188620455e+00
1.294837574889447840e+00
1.285517261187332227e+00
1.283873249402083028e+00
1.283918478063519109e+00
1.279658721477863637e+00
1.280332620419585732e+00
1.286484562414015986e+00
1.306083105986090898e+00
1.307173922810851652e+00
1.323451814829355699e+00
1.318792426252693106e+00
1.310209882864375786e+00
1.314898172125113618e+00
1.321175094667318861e+00
1.324778561848641178e+00
1.336120852862734409e+00
1.331090144477600656e+00
1.334293521067486665e+00
1.339494043260858858e+00
1.341294063856371732e+00
1.351902584101493332e+00
1.366175642895145481e+00
1.371405717870452179e+00
1.386723597992659540e+00
1.381900257836995882e+00
1.375776289605642466e+00
1.391877508922131801e+00
1.399759424367635008e+00
1.415579351023567467e+00
1.405911716905946074e+00
1.414095318747583763e+00
1.406545924045374818e+00
1.383795075328127178e+00
1.388664568803461785e+00
1.378121745297901102e+00
1.378773547997910853e+00
1.383647700388228596e+00
1.398865835430737281e+00
1.389520612869472149e+00
1.389780335358314911e+00
1.391772982484349219e+00
1.405217154863892093e+00
1.413050880335398496e+00
1.425614430943151101e+00
1.418221643570253487e+00
1.414122174984291824e+00
1.412750497452545773e+00
1.413808218993476196e+00
1.400953836290051324e+00
1.396029148765502326e+00
1.378523038602109452e+00
1.387295382892888007e+00
1.403967343457265704e+00
1.405649950087458411e+00
1.386903725993137160e+00
1.363148495590549958e+00
1.394033606947850723e+00
1.390305695350432247e+00
1.375130234222460723e+00
1.369736889233896360e+00
1.366884806284294873e+00
1.392939398145787377e+00
1.399012901693481359e+00
1.400062272227301730e+00
1.393432000373136415e+00
1.387262668146070244e+00
1.377076461755080139e+00
1.370824906621486816e+00
1.381913568902539469e+00
1.387768483396021990e+00
1.383555828047517311e+00
1.374796946260991026e+00
1.375439832390594086e+00
1.386845160938119381e+00
1.376078154696325440e+00
1.389407327814729420e+00
1.395532893499797922e+00
1.398254598436968754e+00
1.386948747407630966e+00
1.388846918771074357e+00
1.401404124821291175e+00
1.407711534551385091e+00
1.416977207619918966e+00
1.421321124964184834e+00
1.433967750125824114e+00
1.424402207820973709e+00
1.417946895552415487e+00
1.416962428585122558e+00
1.427553417461289609e+00
1.438902088569297355e+00
1.426662313413512351e+00
1.431212490339094145e+00
1.426888304603576074e+00
1.423210845378359846e+00
1.410377268725458988e+00
1.402925882406049096e+00
1.392521189677824234e+00
1.402370496687750601e+00
1.392234063101178254e+00
1.378461150748851338e+00
1.348676053000749775e+00
1.350319946230149171e+00
1.363341632253985303e+00
1.356100376319074652e+00
1.344588790964955205e+00
1.324306172320766084e+00
1.334908430508580102e+00
1.336006587315656580e+00
1.322230665295388574e+00
1.325912914635422712e+00
1.344443615490170885e+00
1.354594392855055229e+00
1.356196791896120635e+00
1.381321231176378062e+00
1.386393224729819407e+00
1.395743227538897901e+00
1.380790913672363507e+00
1.363148789077839096e+00
1.359317121623311531e+00
1.359317121623311309e+00
1.359317121623311087e+00
1.377125581603645621e+00
1.370563383737625873e+00
1.382315440196672185e+00
1.398903810249856772e+00
1.396081538361988450e+00
1.396081538361988228e+00
1.396081538361988006e+00
1.405905499653407498e+00
1.417890682025707783e+00
1.419744292669555152e+00
1.399258743470028765e+00
1.398538869917671512e+00
1.404698852348534199e+00
1.405378122943729213e+00
1.416742508390498978e+00
1.427869474257333238e+00
1.417355030380529346e+00
1.464109338283247741e+00
1.462484986180669022e+00
1.459526069235377088e+00
1.479559691842874614e+00
1.491701817741347469e+00
1.503712498225404426e+00
1.516464586844605611e+00
1.527887220248302036e+00
1.526134535152725347e+00
1.517076984709998078e+00
1.503088478451678034e+00
1.503926200975073124e+00
1.490405273429951549e+00
1.489709520575048796e+00
1.482611011354631136e+00
1.484321982311008314e+00
1.491022723956868301e+00
1.493084524988611994e+00
1.514334452725967228e+00
1.514436235787565144e+00
1.525005338755623052e+00
1.519596053213011944e+00
1.498929556258423501e+00
1.515762477656619200e+00
1.511041833591792782e+00
1.484319055338131133e+00
1.471927697754865205e+00
1.476475141549433268e+00
1.541786195018945538e+00
1.529560743474038809e+00
1.534189503340019023e+00
1.511137362268508255e+00
1.527166411493091847e+00
1.514822114805914222e+00
1.514280003611217396e+00
1.503517916337002491e+00
1.480065257603996542e+00
1.465077828390877412e+00
1.469003307462520613e+00
1.468626443030772055e+00
1.499852944358528228e+00
1.501630685451074143e+00
1.522641190483761120e+00
1.531771869837851519e+00
1.516776398785220970e+00
1.534303134998149964e+00
1.514781840570624816e+00
1.523865211678605336e+00
1.537670779479783922e+00
1.522961742485704928e+00
1.538872804542978923e+00
1.537298649773291226e+00
1.537373835346740991e+00
1.524581661327563342e+00
1.511171415869890566e+00
1.528422075552374748e+00
1.515025692050951056e+00
1.488708350272077041e+00
1.483960539214678409e+00
1.494656912886564548e+00
1.509145857147236036e+00
1.498502551065743482e+00
1.493467796023986827e+00
1.507489166023830318e+00
1.546577722378429165e+00
1.538980262967072354e+00
1.533170139333548621e+00
1.543956444503084446e+00
1.545376510473286835e+00
1.527557499719368606e+00
1.509355203318156757e+00
1.501938872610110165e+00
1.476801467243733290e+00
1.453485284281144319e+00
1.444303235378715744e+00
1.468788269142148328e+00
1.452291085488940148e+00
1.438118575143227718e+00
1.428539529412793385e+00
1.426348386506312904e+00
1.432657753968048953e+00
1.467413428086858040e+00
1.470141392155895677e+00
1.457374595157599151e+00
1.445966807371079632e+00
1.409986832119073608e+00
1.426820117576661273e+00
1.446825827923350571e+00
1.428197900509473817e+00
1.412526340946866021e+00
1.373919855954395919e+00
1.338403528498646411e+00
1.365106949065053810e+00
1.287053759441145750e+00
1.337244220331798683e+00
1.346458183250525131e+00
1.385143872260465203e+00
1.375515488540197673e+00
1.410391222013543056e+00
1.426484672172675827e+00
1.436825440908645390e+00
1.401108057971051091e+00
1.398425041747329622e+00
1.401074918330964758e+00
1.417249382005009828e+00
1.414653810163513992e+00
1.389181242606720268e+00
1.405733599078330176e+00
1.464605376858004737e+00
1.477966906466694041e+00
1.528345159175260815e+00
1.576251100818524264e+00
1.527498748652766913e+00
1.485778876021499606e+00
1.529556880218405635e+00
1.567395453021795282e+00
1.521574245087851773e+00
1.512756546731572227e+00
1.518326008512047132e+00
1.515985077528236191e+00
1.506461351381916280e+00
1.528582152954391704e+00
1.523699687515706502e+00
1.512867817781958557e+00
1.497183331662508055e+00
1.415307737769557095e+00
1.440304497757435076e+00
1.464119087597804958e+00
1.471507906950976885e+00
1.456531336718580816e+00
1.455057902460353825e+00
1.434421214276812240e+00
1.409171801538059210e+00
1.403601623442849666e+00
1.418272554586338829e+00
1.447568680063222812e+00
1.423809039487646144e+00
1.464785400169572149e+00
1.466682478799915978e+00
1.477346197022117114e+00
1.486934897975418890e+00
1.462343834407592302e+00
1.468958574011508977e+00
1.511648066030650606e+00
1.481064733888370899e+00
1.507255161874614835e+00
1.531036493223903783e+00
1.531321924667852885e+00
1.522749351372079341e+00
1.526628338943866181e+00
1.554490030671887180e+00
1.557423087992531707e+00
1.508879372959453624e+00
1.522938145053386316e+00
1.522286806417045391e+00
1.527480659027481869e+00
1.526433156836878968e+00
1.505902612020022513e+00
1.504304949685966397e+00
1.535253964490931988e+00
1.532438800835439263e+00
1.550079814279686774e+00
1.522849815436333021e+00
1.505038404839322164e+00
1.500035551722690430e+00
1.488079910079541435e+00
1.453677864884129978e+00
1.475791460751248785e+00
1.481965987311245625e+00
1.512603701904274178e+00
1.503144532724296267e+00
1.555646242790752254e+00
1.589192538831999402e+00
1.559677367418125016e+00
1.599062078194914305e+00
1.610602149732053290e+00
1.597185913501164789e+00
1.566010393761266162e+00
1.568042060697760087e+00
1.567673062641974147e+00
1.543889060734096041e+00
1.531930243348053722e+00
1.546903689762386014e+00
1.552985563544798442e+00
1.535008333204344044e+00
1.560238142450894427e+00
1.558014708756498168e+00
1.568788203235451872e+00
1.583383916858684071e+00
1.584995557924108844e+00
1.596462924046998522e+00
1.572939169275776150e+00
1.571575919660397558e+00
1.607925506379430214e+00
1.632179361693027131e+00
1.626202286587573598e+00
1.619429167347829823e+00
1.617891898319294031e+00
1.639189029273491416e+00
1.643890659989458491e+00
1.645665341235480028e+00
1.637425017296348928e+00
1.625936971833529698e+00
1.633184912467012584e+00
1.633393470215976251e+00
1.690619274516303561e+00
1.710839673863172150e+00
1.720096747143238236e+00
1.707054672490057934e+00
1.714688424868138217e+00
1.747616155126942239e+00
1.741412126369821456e+00
1.735209063611986791e+00
1.764268122892670210e+00
1.791269329626844931e+00
1.776259937624602214e+00
1.795774518490759419e+00
1.813273054601421519e+00
1.831808678369367449e+00
1.817577497149266641e+00
1.813770403214618465e+00
1.806805670117166418e+00
1.815373749705193829e+00
1.831721431976872427e+00
1.856807604513933674e+00
1.869488928026980856e+00
1.882838009758662334e+00
1.882838009758662778e+00
1.882838009880084540e+00
1.894444059782791845e+00
1.878936545311348461e+00
1.894954138159136159e+00
1.914608121103209548e+00
1.925423777847319773e+00
1.950465438462847922e+00
1.929570116646003308e+00
1.897526897001388102e+00
1.931826760322947756e+00
1.965449357187928348e+00
1.994682618242281880e+00
1.982137273258709476e+00
