1.000000000000000000e+00
9.999999999999997780e-01
1.000674007484563033e+00
1.002745625630997450e+00
1.006360512980649657e+00
9.982162075713538751e-01
9.993629552049133613e-01
1.007830777390725796e+00
9.968001456295688678e-01
9.904536278293086804e-01
9.926268297437677024e-01
1.005055556563406505e+00
1.010914219172134976e+00
1.008210168286530095e+00
9.940665072181893436e-01
9.960019625473192084e-01
9.999999999999997780e-01
9.999999999999997780e-01
9.974352921783585790e-01
9.969664009168760499e-01
1.012501371048860177e+00
1.000144297467473686e+00
9.921595361802246771e-01
9.985383821307594054e-01
9.907866926222443915e-01
9.896427301520676068e-01
1.003956189130999821e+00
9.988491624448256889e-01
1.009541652822350866e+00
1.004914523428440898e+00
9.967638498288928783e-01
1.010217917360535678e+00
1.010117325935562693e+00
1.004063034105371566e+00
9.991723600531193794e-01
1.004305689655446310e+00
1.000555567211037333e+00
9.913955670714549306e-01
1.003068052479768157e+00
1.000662835524030347e+00
1.008623200081096627e+00
9.961500171914362545e-01
1.004417559189021425e+00
9.880733793525932063e-01
9.964548502130694541e-01
1.006713795764424324e+00
1.018250259671144020e+00
1.003615119473644679e+00
1.011296843854033733e+00
9.951173835610965801e-01
1.003504148410161445e+00
1.015007878749277337e+00
1.024311821340888606e+00
1.017301836333525777e+00
1.010269094149832458e+00
1.011056689163382316e+00
1.020165084807952205e+00
1.032172257703334983e+00
1.025133709448879715e+00
1.022910741097590170e+00
1.025829089484194157e+00
1.016202364007532166e+00
1.011602007383531454e+00
1.002817879396940004e+00
1.014778119612829377e+00
1.014742927210606771e+00
1.031739847219441231e+00
1.035099199380307589e+00
1.035180310725796415e+00
1.026838783184156112e+00
1.008127767262785968e+00
1.028593055864622796e+00
1.028593055864625905e+00
1.028593055864629457e+00
1.022724637685301863e+00
1.016562701467460528e+00
1.021763075081440597e+00
1.022748295172402511e+00
1.024183221604846761e+00
1.025182726632514418e+00
1.038636252811792948e+00
1.038754986242218292e+00
1.040529556478042350e+00
1.031580861470017263e+00
1.032644533167172751e+00
1.043212869285193189e+00
1.053159234474665862e+00
1.054911603266159847e+00
1.076269146967992585e+00
1.079385388709873217e+00
1.086482583484956299e+00
1.082077197882015840e+00
1.083494123791485242e+00
1.076352802188860425e+00
1.095185312550357226e+00
1.103442599651394573e+00
1.093857732254466253e+00
1.093857732254472248e+00
1.093857732254476689e+00
1.093857732254485127e+00
1.093857732254492010e+00
1.105868514779434930e+00
1.112607886990439221e+00
1.104572288781854983e+00
1.139034111205321054e+00
1.163856620476793058e+00
1.160216187188134906e+00
1.164952665481828298e+00
1.171508255128880016e+00
1.167452427626643363e+00
1.178069582953077843e+00
1.178069582953086281e+00
1.178069582953092720e+00
1.176353695125203824e+00
1.183920153278497311e+00
1.180929172421267381e+00
1.180929172421282924e+00
1.180929172421290474e+00
1.172811401357723549e+00
1.179248759124714940e+00
1.179248759124720713e+00
1.179248759124736257e+00
1.166013154808099195e+00
1.195472700911561548e+00
1.200169558115820934e+00
1.182664383734902014e+00
1.178821943604172029e+00
1.166013154808170249e+00
1.173410261630879026e+00
1.170185852610564625e+00
1.164439040934853509e+00
1.159768750097855294e+00
1.158127864616254943e+00
1.187716430460475703e+00
1.207910498434915825e+00
1.222685657402927006e+00
1.228560322327590493e+00
1.223666527269503090e+00
1.228717923620240127e+00
1.235418122633458404e+00
1.237454475109523111e+00
1.231667195177227336e+00
1.235683842791760467e+00
1.240894978284687644e+00
1.254101168992539206e+00
1.235870445411184182e+00
1.246948365756834542e+00
1.244552927085416316e+00
1.248347094863524909e+00
1.256967926687045267e+00
1.261278779072504186e+00
1.268606775782310958e+00
1.261278779072538603e+00
1.260416624467237234e+00
1.267744700535913704e+00
1.281107620765327582e+00
1.284124844448622405e+00
1.298780996586010428e+00
1.317747445596815226e+00
1.328955534824916462e+00
1.329817133918275829e+00
1.330679129805959926e+00
1.305677757275701012e+00
1.297487367884061493e+00
1.299643309909375155e+00
1.293177150369497541e+00
1.296625689431939676e+00
1.295332219447417943e+00
1.302660771669219120e+00
1.308264141733116448e+00
1.301798220269820394e+00
1.312574835400928341e+00
1.303953527424307257e+00
1.309126296338574580e+00
1.301798220269956285e+00
1.306108596502329799e+00
1.299643309909898070e+00
1.310419448887893079e+00
1.355249742469737173e+00
1.373785431613313124e+00
1.372923277008035292e+00
1.405252487530479266e+00
1.374216191480721161e+00
1.393613717794229379e+00
1.398355568123571757e+00
1.373785431613674834e+00
1.372923277008408993e+00
1.368612345264119456e+00
1.369043740002225507e+00
1.370767890495232288e+00
1.370767890495315777e+00
1.370767890495368180e+00
1.370767890495416585e+00
1.400278956680029774e+00
1.406694837208159354e+00
1.399851399289992582e+00
1.388731127632447881e+00
1.388731127632534257e+00
1.388731127632749862e+00
1.379840263457695171e+00
1.365444580765034832e+00
1.365444580765146299e+00
1.365444580765190263e+00
1.366680772033850966e+00
1.382754597122683782e+00
1.372451080995164441e+00
1.387288107797898018e+00
1.373687424018348091e+00
1.363796528079952664e+00
1.369977787931941693e+00
1.334121108685310864e+00
1.329587598010266269e+00
1.334533121856786186e+00
1.277656941920489730e+00
1.285900088682205844e+00
1.294143083689520912e+00
1.254576995987866983e+00
1.271062910125339229e+00
1.232732710183582991e+00
1.232732710183631175e+00
1.232732710183710223e+00
1.232732710183746860e+00
1.232732710183799485e+00
1.260851608932129553e+00
1.255553314792958730e+00
1.255553314792979158e+00
1.255553314793002251e+00
1.239520030754160951e+00
1.245275316322305814e+00
1.210330197209274372e+00
1.229012095236977853e+00
1.221206238942690980e+00
1.192632603984270956e+00
1.284150664636475758e+00
1.284150664636530159e+00
1.284150664636610539e+00
1.301543199302700238e+00
1.289948125366612297e+00
1.309825416753849003e+00
1.316865408320943676e+00
1.316865408320986086e+00
1.316865408321178821e+00
1.317272043990360242e+00
1.307502895577130841e+00
1.338439881176474167e+00
1.342510734392414973e+00
1.344138925794774453e+00
1.340475157900527181e+00
1.315293006884667992e+00
1.326326936212355978e+00
1.311413205048378439e+00
1.322632615364281783e+00
1.316466414010994512e+00
1.342624138516847365e+00
1.341397945801181546e+00
1.329953931924457988e+00
1.327501847473066432e+00
1.323823118835995682e+00
1.354476883299596812e+00
1.367147089892323697e+00
1.338408310984522620e+00
1.383979850549659441e+00
1.380284718499805274e+00
1.382337552917706880e+00
1.384800773631084114e+00
1.393011810321920674e+00
1.396296405586357814e+00
1.393011810322147381e+00
1.412718779948328951e+00
1.396707243352292904e+00
1.420108291598158878e+00
1.405738751654613150e+00
1.397878629203898049e+00
1.402481985646688800e+00
1.388553331350309117e+00
1.392400124369536085e+00
1.400639802788843369e+00
1.400639802788888444e+00
1.400639802788941291e+00
1.403567359935472325e+00
1.396186018495368275e+00
1.385599002747092801e+00
1.386600732657698343e+00
1.385009713293950728e+00
1.388798291347816516e+00
1.387506508347009948e+00
1.387506508347021050e+00
1.387506508347059020e+00
1.397030557034713238e+00
1.396521117110445909e+00
1.401969893516076260e+00
1.408342595924578333e+00
1.404991553559438833e+00
1.396782224196163380e+00
1.397540234255435943e+00
1.411266396239796883e+00
1.394088259605948066e+00
1.400902025327699141e+00
1.405035775936425368e+00
1.398418376491564308e+00
1.400124947889707316e+00
1.387185266303627929e+00
1.379799243694800337e+00
1.379087728658993317e+00
1.398229206449418172e+00
1.377635057350275805e+00
1.382550461381511830e+00
2.018580940999476603e+00
2.044497127216375887e+00
2.087114806697190517e+00
2.117062301728811491e+00
2.092297750157294356e+00
2.095753829221474795e+00
2.111879652056314782e+00
2.120517499444532827e+00
2.128004593541434897e+00
2.145282344804682495e+00
2.164863218458561445e+00
2.162559655392008118e+00
2.162559655393915037e+00
2.155072708193808140e+00
2.172350018781364689e+00
2.128004593555211432e+00
2.149313506742290159e+00
2.156224195950163125e+00
2.191355075117471518e+00
2.186172425445411793e+00
2.192507003547011113e+00
2.182140675954715725e+00
2.153344521781313858e+00
2.171774054578524016e+00
2.170622419939219672e+00
2.157376271281914448e+00
2.157376271282211544e+00
2.157376271284189073e+00
2.148758395035265778e+00
2.160249043241854849e+00
2.181507028180649677e+00
2.166568584700311551e+00
2.171164961219579581e+00
2.156226810818329120e+00
2.148758395048602221e+00
2.161972794354126925e+00
2.180357860793921798e+00
2.204488031529086456e+00
2.270559148813863892e+00
2.257345335673128339e+00
2.255047293956654819e+00
2.275155378792757865e+00
2.302733198261151859e+00
2.268835837342039863e+00
2.203913447842906326e+00
2.211382156696657830e+00
2.240683727262889668e+00
2.198742341092392749e+00
2.138416474644301513e+00
2.170015940388788866e+00
2.195295571599176210e+00
2.195295571599710005e+00
2.195295571601008522e+00
2.195295571601559192e+00
2.195295571602471796e+00
2.203086471232280186e+00
2.313267712581463353e+00
2.312711615139976473e+00
2.320502656709277467e+00
2.300468955360438272e+00
2.269306208447695372e+00
2.278766535880366373e+00
2.259846590690439250e+00
2.259846590694418289e+00
2.259846590696253710e+00
2.253234713310625636e+00
2.253234713313696513e+00
2.253234713314800075e+00
2.253234713317878057e+00
2.254892193518494015e+00
2.253786877970506364e+00
2.236662729234684122e+00
2.243292086451264211e+00
2.240530136067266476e+00
2.262626302721284510e+00
2.309580022831440260e+00
2.289693923711455081e+00
2.287483856190666742e+00
2.273121657835309062e+00
2.260968681644015543e+00
2.272569070512219458e+00
2.294112227152901529e+00
2.286931268872645084e+00
2.286931268877328005e+00
2.268702227269954630e+00
2.310131764822982881e+00
2.264835243124301734e+00
2.325599419631120934e+00
2.358190518704791572e+00
2.401277959140073470e+00
2.427792570117162541e+00
2.391887074227950549e+00
2.399068173413461569e+00
2.395201752845321330e+00
2.407907034585011097e+00
2.441603308317859877e+00
2.457069835971644967e+00
2.440498697244225745e+00
2.469776244863502779e+00
2.472537208995940539e+00
2.506234328094823827e+00
2.534405573907967391e+00
2.531091740668811596e+00
2.496842879613326183e+00
2.469223657567062968e+00
2.502919931299449008e+00
2.484138443256585838e+00
2.483586137716591757e+00
2.388020090146138585e+00
2.430003483079508531e+00
2.394649165575714722e+00
2.389677288560352331e+00
2.346590270810088086e+00
2.385810867994318407e+00
2.403487744958881400e+00
2.425030478918506649e+00
2.455412919413434647e+00
2.458174728913278706e+00
2.411221431486374911e+00
2.367581685513391321e+00
2.438840653550973681e+00
2.447127490965361307e+00
2.494632812150205048e+00
2.515624649517056444e+00
2.434973951221712340e+00
2.458174728967065903e+00
2.479718308300211671e+00
2.493528764706049561e+00
2.508995574147798724e+00
2.512862558297598525e+00
2.539378296433447701e+00
2.570311633533812312e+00
2.622790240695291875e+00
2.607321740538339316e+00
2.596827371695494602e+00
2.632180280262204963e+00
2.632180280263682004e+00
2.632180280267018002e+00
2.620606332227155111e+00
2.600214445988085821e+00
2.609583417484063528e+00
2.648162775732508134e+00
2.618401074579049137e+00
2.612339146207127705e+00
2.582027255206349459e+00
2.607930317703245571e+00
2.631628965930242092e+00
2.539039349590350270e+00
2.539039349591982297e+00
2.539039349599031326e+00
2.485707465863655319e+00
2.495054120259234232e+00
5.316613643517295031e+02
2.710748391660686352e+01
2.714146206968747421e+01
2.738816355062751029e+01
2.738816355062756358e+01
2.738816355062758845e+01
2.747669257873713633e+01
2.743715378280888828e+01
2.769116653413017914e+01
2.759494524543347183e+01
2.784879332707443922e+01
2.773499207767229535e+01
2.773499207767230601e+01
2.773499207767230601e+01
2.774359896942238635e+01
2.776364814040497464e+01
2.794741762650156858e+01
2.764115479756211258e+01
2.779654761687694631e+01
2.779654761687695341e+01
2.779654761687696052e+01
2.776373720403075751e+01
2.798388007642530795e+01
2.828815285434347260e+01
2.816077883272470572e+01
2.791351528686989880e+01
2.733871086326457700e+01
2.704408541560572488e+01
2.720083128792498783e+01
2.750001438151264921e+01
2.731058007391025555e+01
2.744153319169491212e+01
2.799560453846025965e+01
2.838229907428409504e+01
2.829023804081171534e+01
2.823220531996050653e+01
2.830825155900751966e+01
2.795379859714887516e+01
2.795379859714889292e+01
2.795379859714891779e+01
2.778748918504781429e+01
2.761839111287230608e+01
2.784496044776096113e+01
2.810713638682231519e+01
2.800813540323648354e+01
2.825479812685406600e+01
2.837184173511766261e+01
2.824931916897965678e+01
2.821629905606836886e+01
2.826985533175472298e+01
2.789752132224010239e+01
2.777101101938846739e+01
2.822464754868264691e+01
2.837067511473405546e+01
2.846638084959585058e+01
2.833418389463766474e+01
2.787494976548493852e+01
2.817772581724253556e+01
2.768783917125790595e+01
2.789657627882921531e+01
2.745303595213485437e+01
2.719155733541738940e+01
2.684424919879443650e+01
2.647464723069560222e+01
2.652530313664138717e+01
2.708806877889031739e+01
2.670178589958749882e+01
2.692927584509703465e+01
2.660132393677349327e+01
2.646044838017994394e+01
2.690964859830086553e+01
2.744934146555470988e+01
2.687290827851067476e+01
2.622701296567420570e+01
2.679090662567458025e+01
2.641310909041015975e+01
2.641310909041018462e+01
2.641310909041019528e+01
2.676764709640987761e+01
2.685398279494754448e+01
2.691207754251957951e+01
2.723880268667279836e+01
2.720752352969538279e+01
2.727011896829371906e+01
2.727011896829373683e+01
2.727011896829376170e+01
2.739477544601935222e+01
2.764390410304362433e+01
2.798418517497775682e+01
2.801083499161749657e+01
2.819890614075565338e+01
2.760182857735510353e+01
2.763542526173970515e+01
2.693496386763513328e+01
2.676353503360540387e+01
2.713636752317909284e+01
2.724468860748893206e+01
2.747691251494326181e+01
2.729656467325136404e+01
2.694240202284542818e+01
2.750861288387605441e+01
2.842099081602943045e+01
2.825765183367063216e+01
2.833961228113587438e+01
2.822488811625478888e+01
2.822907245411398591e+01
2.847381609656879675e+01
2.871701559162947248e+01
2.871299283034052152e+01
2.899625281066586879e+01
2.923571012469116681e+01
2.926071424628904438e+01
2.927196995406831803e+01
2.954254498940223783e+01
2.945027032764018315e+01
2.946812140511604383e+01
2.935766070249298210e+01
2.949601372664553622e+01
2.943656366283784820e+01
2.916203573336709809e+01
2.899412780265369349e+01
2.918039584092300487e+01
2.923012883592249622e+01
2.920214688810111170e+01
2.889980106940929971e+01
2.905897044318116329e+01
2.894651613078391250e+01
2.928981145870774228e+01
2.943785418635811624e+01
2.962107696213411145e+01
2.954431382201331147e+01
2.975698925937849282e+01
2.975698925937848571e+01
2.975698925937847861e+01
2.968731360321907431e+01
2.970342029856735167e+01
2.956859607915217580e+01
2.934413407015998132e+01
2.893934363285145395e+01
2.921289994976667614e+01
2.929867366786069027e+01
2.947299118319208944e+01
2.929787025951403479e+01
