1.000000000000000000e+00
9.999999999999997780e-01
9.720745030562278899e-01
1.010138351558015790e+00
1.012701073748414338e+00
9.926992747723256683e-01
1.036822168013340928e+00
1.009957390158928048e+00
9.993875425527616319e-01
9.868469908361104936e-01
9.990877350736044882e-01
9.863224964126379168e-01
9.860863635737422417e-01
9.825197275022621302e-01
1.001232111068379504e+00
1.005453561878123736e+00
9.649775090036754044e-01
1.002330448700636367e+00
9.814684434092255660e-01
1.003715102280331672e+00
1.017342376589431829e+00
9.701583258275561228e-01
9.974343165977583858e-01
9.859334327628309635e-01
1.006860144475177687e+00
9.909957758507438319e-01
9.977339833261699154e-01
9.865758292499540172e-01
1.021138560770514125e+00
1.028008325575352933e+00
1.007973875117817775e+00
1.022801605615781373e+00
1.007599166730213991e+00
9.816482624024608361e-01
1.007117953291117418e+00
1.041030077071380733e+00
1.009683065603813379e+00
1.024361223748912364e+00
1.002222641114089319e+00
1.012005961555823452e+00
9.964306683291562772e-01
9.816072832133961867e-01
9.745871828243178880e-01
1.020397068037550259e+00
1.017011169074247379e+00
1.028906187905000769e+00
9.968735367996645058e-01
9.899142550751901526e-01
9.894440442286256410e-01
9.994002721753122431e-01
1.025709734673851070e+00
1.017954699678305319e+00
1.016717670431625420e+00
1.009244598706668272e+00
1.013135190769559157e+00
9.811153113746939880e-01
9.598298829402329702e-01
9.598298829402329702e-01
9.881248104766185980e-01
9.978888976102460173e-01
9.909727850393382775e-01
9.985340514806824164e-01
9.928242590097028364e-01
1.031051973516118103e+00
1.037959273868714671e+00
1.043229078850419711e+00
1.102104566254123341e+00
1.104680468673670424e+00
1.109858747572825433e+00
1.110071061091343125e+00
1.090588310322197163e+00
1.138624010776844608e+00
1.142182302753681267e+00
1.158905842911975625e+00
1.178592033215119406e+00
1.231709505646129799e+00
1.233634051748706106e+00
1.260577597724972465e+00
1.270200527157347103e+00
1.252879612234215623e+00
1.250955066131669069e+00
1.270200527157560044e+00
1.316389534159589481e+00
1.385673193852200447e+00
1.385673193852268170e+00
1.314465087516845987e+00
1.318884110763604012e+00
1.391023886477208871e+00
1.428394570162375254e+00
1.440851607783886656e+00
1.447080072947244167e+00
1.457461062809184860e+00
1.432131756555324209e+00
1.440436376773113869e+00
1.378564922697113726e+00
1.336736248684142314e+00
1.340614890682429117e+00
1.324211847350752480e+00
1.318081184998546762e+00
1.340425071936532486e+00
1.343482834530299375e+00
1.356503963756148678e+00
1.360820335336580866e+00
1.351801028763746082e+00
1.382665352810678483e+00
1.367074291983040535e+00
1.375204192029496619e+00
1.354477480673522249e+00
1.359605269432734298e+00
1.370088406934412362e+00
1.379163237961340993e+00
1.387737194414699893e+00
1.392461551062309955e+00
1.415541980160503810e+00
1.448579410983163118e+00
1.442974782719292914e+00
1.443380733954224171e+00
1.457285321502208797e+00
1.458399840157057925e+00
1.455831379677242410e+00
1.469722007804880715e+00
1.479403071103360334e+00
1.474140089689148780e+00
1.477276950385820298e+00
1.466163198044925231e+00
1.482622736935566454e+00
1.527061299480424905e+00
1.551093224328570219e+00
1.546110495588996381e+00
1.548289599395528571e+00
1.557326321300363192e+00
1.560565359417897202e+00
1.575175647174748894e+00
1.582564982459082614e+00
1.656961957937377106e+00
1.697380589847788501e+00
1.622718125354464691e+00
1.636261334723444039e+00
1.637345305885222091e+00
1.680771178522214582e+00
1.666008964785447466e+00
1.729275128005200779e+00
1.712404151146630804e+00
1.687097903830260703e+00
1.708186297947074994e+00
1.733492872220861569e+00
1.689628332388739551e+00
1.670226817987722878e+00
1.602742910553756062e+00
1.609693117184182176e+00
1.641673885324828719e+00
1.671835860283972464e+00
1.719233343949333914e+00
1.719233343949575943e+00
1.714924411683127481e+00
1.711908148078007619e+00
1.661063694893611276e+00
1.657144782700366470e+00
1.680184872055028977e+00
1.714296870738928114e+00
1.731147284652414298e+00
1.714152929907339473e+00
1.733674841433603619e+00
1.722851231751943102e+00
1.712601692849649027e+00
1.705472673410330486e+00
1.699346449719428609e+00
1.707167664799561502e+00
1.718408850505886987e+00
1.687668705868062613e+00
1.688686077730910062e+00
1.707884747399984304e+00
1.715039372781568927e+00
1.735036503857041446e+00
1.739960249429215011e+00
1.764334082757636812e+00
1.770068618837050689e+00
1.780528579330412420e+00
1.778493478905837533e+00
1.781811286337280587e+00
1.789908791449531966e+00
1.778004549422660396e+00
1.775512012209006230e+00
1.800348096794959885e+00
1.812379041679796243e+00
1.814868879587279826e+00
1.792292091522375896e+00
1.771646130492564808e+00
1.791025488777723940e+00
1.801895895010847681e+00
1.758380645601428149e+00
1.725589836901011642e+00
1.734741765056425189e+00
1.725721328005259902e+00
1.725237354045425997e+00
1.753264713659443919e+00
1.767618988273572445e+00
1.798282782144235536e+00
1.797641738608552142e+00
1.796244731616551515e+00
1.816633517352142846e+00
1.816855181340830017e+00
1.819392542854795902e+00
1.809014590986004478e+00
1.799282896515890906e+00
1.830536817152624174e+00
1.831418191981058152e+00
1.833405160014519142e+00
1.806134311439738127e+00
1.789121645646089220e+00
1.798516439798900413e+00
1.820663703107759712e+00
1.825093482836732450e+00
1.826610342063666792e+00
1.823192064540546609e+00
1.822789507071227888e+00
1.818824923867458976e+00
1.806240484437259486e+00
1.822929866713313585e+00
1.836081648628821616e+00
1.847463670553263659e+00
1.834920554484997801e+00
1.852008251378019166e+00
1.876645200443439299e+00
1.883573485862025665e+00
1.894303000865051656e+00
1.896918947751419005e+00
1.894729541048435939e+00
1.916160763788886889e+00
1.904197851213004666e+00
1.893601512103689988e+00
1.912914983565969784e+00
1.912067195481581772e+00
1.919479528723049500e+00
1.992720263541318371e+00
1.992326935124313358e+00
1.988028708714492776e+00
2.002448127752794349e+00
2.001221864433399666e+00
1.982553043797745440e+00
1.994372700445561364e+00
2.070004855396180066e+00
2.059993702207478794e+00
2.140383522985656928e+00
2.216254944814917138e+00
2.220248371023526790e+00
2.116423782673346743e+00
2.086474515732225754e+00
2.026958758185016585e+00
1.973337320845308884e+00
2.000405189351327273e+00
2.027220563007186449e+00
2.031507323807220544e+00
2.014872750291829551e+00
2.035904510593462113e+00
2.046680575434795646e+00
2.039106442627086402e+00
1.999796410084621501e+00
2.008063518483127030e+00
2.034206783311440780e+00
2.032010001405800459e+00
2.039986787533199841e+00
2.033266181589642230e+00
2.060471191515328648e+00
2.066792121171930230e+00
2.091888655914796669e+00
2.105362857535285848e+00
2.110975587386363816e+00
2.118711073950950485e+00
2.106828951566107833e+00
2.107368165178352459e+00
2.099910282848085785e+00
2.110681786147367678e+00
2.129364329062706673e+00
2.158887117505153608e+00
2.190016292753751426e+00
2.204588670677407158e+00
2.205800234551482220e+00
2.224875240141950705e+00
2.216495955021890563e+00
2.242970885725868335e+00
2.229907224889576600e+00
2.246175668688777272e+00
2.227532933477837318e+00
2.264180789313376074e+00
2.304690572292894313e+00
2.329710103665247445e+00
2.305885978786569979e+00
2.322375598480241443e+00
2.297204466672190470e+00
2.282964485063458948e+00
2.293784346524136097e+00
2.295696022288141958e+00
2.297511990885452882e+00
2.282066261156730391e+00
2.285228052536027121e+00
2.355313355409190734e+00
2.351980840209999535e+00
2.351980840213450108e+00
2.487207870356240580e+00
2.535504102018911077e+00
2.559650822561213790e+00
2.583557086706398831e+00
2.475134045003410943e+00
2.438911948779466154e+00
2.419771992028800334e+00
2.415951726967377144e+00
2.436484929894131124e+00
2.400300273071899859e+00
2.395268111321312787e+00
2.402620557432166848e+00
2.428359243872144635e+00
2.465813199316011062e+00
2.495810852591824336e+00
2.495810852655337531e+00
2.447814484213512554e+00
2.450184381867040351e+00
2.440800199919880065e+00
2.471363043865585141e+00
2.468146955166848677e+00
2.398588235150249215e+00
2.405064167759160654e+00
2.326630280112000460e+00
2.398588235157919524e+00
2.395949846617173584e+00
2.374602352806698846e+00
2.398588235161673854e+00
2.398348465653774575e+00
2.349416698957096372e+00
2.350616316465941491e+00
2.343420613358027094e+00
2.326150433118826744e+00
2.326630280125382644e+00
2.350616316472994072e+00
2.332626981709019720e+00
2.338623375299682117e+00
2.350376700970382871e+00
2.386595294011419455e+00
2.365007876724676716e+00
2.380598284496383332e+00
2.410581022429296283e+00
2.422573347623633744e+00
2.446559691965712435e+00
2.446559691997978625e+00
2.422573347670740507e+00
2.434567212823593785e+00
2.452556239611840994e+00
2.471947472855636541e+00
2.473847086589090694e+00
2.509588762647242177e+00
2.509588763294706926e+00
2.554419750424691937e+00
2.599025140039514792e+00
2.637422603279980127e+00
2.780708445927178474e+00
2.749622948535572764e+00
2.792850705015214707e+00
2.865708251449476496e+00
2.962851237210701427e+00
2.889993998037958534e+00
2.865951176637525855e+00
2.877851124928794579e+00
2.938565491032244292e+00
2.932493900903826667e+00
2.896065281311722472e+00
2.914279744798262684e+00
2.926422925176896062e+00
2.926422925197946334e+00
2.926422925268313602e+00
2.908207847674331603e+00
2.792850705725332006e+00
2.817137066425257519e+00
2.805237118278187225e+00
2.841422505836157519e+00
2.894850963740349670e+00
2.902136871939255514e+00
2.902136872028744374e+00
2.950465132861137540e+00
2.963579706258832935e+00
2.962851238299198720e+00
3.035707863427724806e+00
3.108565409904148424e+00
3.132849927978218485e+00
3.135278564084467590e+00
3.144993415483043897e+00
3.142564779568531197e+00
3.132849928296982611e+00
3.132849928362730907e+00
3.135368241027478575e+00
3.108565410481482161e+00
3.055136338391666762e+00
3.035707864083798224e+00
3.108565410540019336e+00
3.084279049890532143e+00
3.108565410706866317e+00
3.109293878791002275e+00
3.169278855641320281e+00
3.216636030520060974e+00
3.303336004110173807e+00
3.205950093338977958e+00
3.217850348679148098e+00
3.217850348716372988e+00
3.225136256927169764e+00
3.229993221953616267e+00
3.242135480986012563e+00
3.256707297488323771e+00
3.251850946737642190e+00
3.242135481273278330e+00
3.217850349064923066e+00
3.217850349088505979e+00
3.228778904314990150e+00
3.278564101057206415e+00
3.277350704376254864e+00
3.290707895640752945e+00
3.290707895715247577e+00
3.266422149290817867e+00
3.290950513718601922e+00
3.375706779954023684e+00
3.448563405103591162e+00
3.472849765828327051e+00
3.478921356019539335e+00
3.484992332088681088e+00
3.484992332138898252e+00
3.582135010860415747e+00
3.594277884128295852e+00
3.569993059007039893e+00
3.618320398509341285e+00
3.630706503934230778e+00
3.642849377228225105e+00
3.667134816611121728e+00
3.642849377288500001e+00
3.618563630920391461e+00
3.582135011237406630e+00
3.569749212987480824e+00
3.577277432030474991e+00
3.618563630970587752e+00
3.630706504217103170e+00
3.618563631055378593e+00
3.589420919621110873e+00
3.594277884714238258e+00
3.599135463986794736e+00
3.667134817020353044e+00
3.642849377782732656e+00
3.640420741715980402e+00
3.617349927583308311e+00
3.599135464184658684e+00
3.569993059830633531e+00
3.540849734194999154e+00
3.497135513418155206e+00
3.520449252675577956e+00
3.521420952834640516e+00
3.521420952886805011e+00
3.509278693908437941e+00
3.473334695972798425e+00
3.472849767294369894e+00
3.509278694157873524e+00
3.521420953333328718e+00
3.521420953393540110e+00
3.535993076933343193e+00
3.545706699960692099e+00
3.521420953610542082e+00
3.545706700166049608e+00
3.517778613904056773e+00
3.624634608627636201e+00
3.582135012991967571e+00
3.618563632704933752e+00
3.654991945312470403e+00
3.618563632737002767e+00
3.614899180892356956e+00
3.627112075519055789e+00
3.566050366548142225e+00
3.585590015257362317e+00
3.627112075688516679e+00
3.627112075709793437e+00
3.650316483427729963e+00
3.752901481364287584e+00
3.761449616980007349e+00
3.785875099138740651e+00
3.813963804776509203e+00
3.883574263660116266e+00
3.907999745782613221e+00
3.907999745821552739e+00
4.005700138721889125e+00
4.042337594120362532e+00
4.120252956509642850e+00
4.127824785326938972e+00
4.152249346105084449e+00
4.164462547825363181e+00
4.164462547825364958e+00
4.276817677149638008e+00
4.262161712237836575e+00
4.201100310293099938e+00
4.191329564648061279e+00
4.244821901775764239e+00
4.244821901775982731e+00
4.182213580271114672e+00
4.202247985179313083e+00
4.219778511752009464e+00
4.232300360312715171e+00
4.226038975362807371e+00
4.219778511746151928e+00
4.244821901770611028e+00
4.294907760485721759e+00
4.237058435508003207e+00
4.207257277402451479e+00
4.169692038810792312e+00
4.179709701902901919e+00
4.083293648421769895e+00
3.969346147075937914e+00
3.906738746905255688e+00
3.881695663997195123e+00
3.931781522735514400e+00
3.906738746942288731e+00
3.831608576991577753e+00
3.932032739961302870e+00
4.006660783093579425e+00
4.144648649046740907e+00
4.182213580530111940e+00
4.207257277667650008e+00
4.357765763744465559e+00
4.257594660531692554e+00
4.282136230712251468e+00
4.232300360583312937e+00
4.144648649048818356e+00
4.082041248873728989e+00
3.981867995881334110e+00
4.006911385906980705e+00
4.031955083051308897e+00
4.132127107583320580e+00
4.095063688834533089e+00
4.006660783100904233e+00
4.020685327210868465e+00
4.013172463771893739e+00
3.982118598735682635e+00
3.976859317948602257e+00
3.931781523020464686e+00
3.894216898651000403e+00
3.939295000729106544e+00
3.971851254218762062e+00
3.946556954271959405e+00
3.926773766403246491e+00
3.781521797270953389e+00
3.681350386994056922e+00
3.643785148594259837e+00
3.556133744285465248e+00
3.831608578006728827e+00
3.819087343774593357e+00
3.866669017202413627e+00
3.866669017272365672e+00
3.906738748492975422e+00
3.906738748508891579e+00
4.006911387492563037e+00
4.044476319046335533e+00
4.232050066582787373e+00
4.257343445211554389e+00
4.184718074782124653e+00
4.207257279421500407e+00
4.189726752916285157e+00
4.257594662432709676e+00
4.244821903966928822e+00
4.238561747461933038e+00
4.232300362519669790e+00
4.238060234853719521e+00
4.208509065331152321e+00
4.207257280049804926e+00
4.244821904489741726e+00
4.182213583307851756e+00
4.209010271770465828e+00
4.194735432208845261e+00
4.269865295525920423e+00
4.307428998744263993e+00
4.298664349674758078e+00
4.298664349708349874e+00
4.298664349748485769e+00
4.282386837341392472e+00
4.282386837417089254e+00
4.307428999143059656e+00
4.362524764468022731e+00
4.330757479993054382e+00
4.432645949652651574e+00
4.382560705130545742e+00
4.382560705136489432e+00
4.357765768130683171e+00
4.405098681313553755e+00
4.402593881675969989e+00
4.395081325349454282e+00
4.382560705220578612e+00
4.480228237319320073e+00
4.463950417674904969e+00
4.557861364478427824e+00
4.557861364489539824e+00
4.883423899612045815e+00
4.736920758811154819e+00
4.708121704809802743e+00
4.733163559305059387e+00
4.713630359999060992e+00
4.758207563581077437e+00
4.708121704811857988e+00
4.708121704812183062e+00
4.733163559307911328e+00
4.733163559308270152e+00
4.695598934898157495e+00
