1.000000000000000000e+00
1.000000000000000222e+00
9.848876092713503283e-01
9.972214540500530244e-01
9.941189911305302607e-01
9.973881717156337645e-01
1.031706287749630802e+00
1.009017253138850823e+00
1.009544150197940970e+00
1.003346577339243595e+00
1.022284069297221265e+00
1.004796884755811082e+00
1.002097450785737198e+00
9.685200814895233989e-01
1.012225364780739323e+00
1.007096169056767909e+00
9.853573893086067237e-01
1.022723951267348275e+00
1.007718564535628580e+00
1.009738235190166256e+00
9.959824830340620050e-01
9.905419038476429572e-01
9.911251997563040872e-01
1.000924842898432088e+00
1.016519796928559094e+00
9.964263950059849551e-01
1.017525598894032157e+00
1.001184329087904334e+00
9.965628891216581353e-01
1.005221802761537164e+00
9.881874358507009015e-01
9.730200179549852724e-01
9.973687547197818137e-01
9.966564073104033916e-01
1.001662039837155627e+00
1.011940611435409920e+00
1.001431815424834282e+00
9.865428362928967410e-01
1.002897017955558301e+00
9.917874453116831690e-01
9.813808402975261469e-01
1.009867858163369769e+00
9.886966883529713090e-01
1.013440025958026514e+00
9.826185842168188023e-01
9.969113924982455632e-01
1.031575235024006609e+00
1.014134088294206260e+00
1.012516303141711038e+00
9.882773883715935126e-01
1.007856989967278238e+00
1.006666658061734498e+00
1.008438542483871103e+00
1.026957051987266611e+00
1.033961753078174839e+00
1.035952664427544967e+00
1.040128120819405311e+00
1.041311582844611783e+00
1.076526681704178534e+00
1.076465362224175104e+00
1.069888787891563942e+00
1.069632015150664861e+00
1.102705937457195251e+00
1.096737803164413494e+00
1.102722487341496915e+00
1.100598745027860259e+00
1.091590154899324538e+00
1.087180521407628442e+00
1.082982997057898800e+00
1.107771053042735154e+00
1.091391620910513227e+00
1.093982739079197408e+00
1.094978496077304575e+00
1.091843578875743237e+00
1.102410679862756648e+00
1.104939259708420662e+00
1.104946872568513649e+00
1.132054102410984475e+00
1.131387628740769147e+00
1.111117531544684622e+00
1.119470825991381258e+00
1.131088284799711685e+00
1.148889541101709932e+00
1.169708495167133711e+00
1.177323602830663507e+00
1.168956345920777462e+00
1.168159341568409282e+00
1.189138051805869178e+00
1.178286031528337441e+00
1.199222038335053142e+00
1.202066623632886522e+00
1.220237633844335701e+00
1.245278347906966010e+00
1.246386073863527955e+00
1.349251923621421545e+00
1.344184052581728794e+00
1.345787822869638717e+00
1.330904787612639639e+00
1.306848233294407802e+00
1.279808689733388016e+00
1.298027496711156470e+00
1.317176517864170782e+00
1.313776532685006604e+00
1.348514251937161124e+00
1.308195443407263792e+00
1.331146595170596303e+00
1.330115875613751664e+00
1.317754906714800223e+00
1.284145705878747101e+00
1.309306821040078450e+00
1.308992440994357631e+00
1.336611470612069308e+00
1.348104476121558370e+00
1.335237642737469477e+00
1.342529021639744524e+00
1.339689245426978426e+00
1.355243411559892142e+00
1.329524213490803408e+00
1.298843727735360387e+00
1.297852736001759322e+00
1.305259294281909899e+00
1.309593786012119843e+00
1.330569424653436528e+00
1.337133436963450217e+00
1.361015834875733299e+00
1.349978610230353260e+00
1.336485252551140146e+00
1.325967005954975519e+00
1.331811917493598507e+00
1.327157846554699372e+00
1.317597933051187109e+00
1.366975893475432802e+00
1.351066967219799908e+00
1.418321164628724596e+00
1.425678525644302974e+00
1.436338804245614886e+00
1.436241007175706130e+00
1.411372066793061819e+00
1.418904669091376691e+00
1.436124767395199786e+00
1.437223413523273763e+00
1.448733545132938616e+00
1.418741527020020321e+00
1.390743238246142210e+00
1.395267382449913329e+00
1.389366285644322963e+00
1.393027205353173592e+00
1.399628873174443955e+00
1.425441906527642466e+00
1.391960020222193783e+00
1.396150908974712834e+00
1.419351489204579098e+00
1.434630788994825545e+00
1.434841806373793549e+00
1.444677384795486796e+00
1.445325506157217665e+00
1.454980929012415158e+00
1.455131876499427435e+00
1.457295551708116532e+00
1.470603418710650923e+00
1.482306280721384040e+00
1.475165736350787071e+00
1.485907564968896200e+00
1.491818747871881623e+00
1.495632890169716012e+00
1.453571119567299785e+00
1.427025487947223281e+00
1.444985791051167645e+00
1.469029259891800221e+00
1.467398780499865385e+00
1.447784106442209895e+00
1.454199687535506325e+00
1.481043200762730550e+00
1.478878107928552899e+00
1.460922346965592977e+00
1.465234886801909386e+00
1.454567263590927917e+00
1.433108561914492096e+00
1.438243301696980891e+00
1.431005506395475857e+00
1.423998826469212942e+00
1.407392590937414090e+00
1.419279792519572592e+00
1.422085896593142218e+00
1.445989892125967735e+00
1.443769063912477835e+00
1.454886674726768137e+00
1.485283172096934168e+00
1.519574987860961901e+00
1.510182923070810590e+00
1.534209095465292272e+00
1.572619699963917927e+00
1.580233183907362671e+00
1.603354354032979545e+00
1.618144627853056239e+00
1.612996094323462470e+00
1.579702694889687065e+00
1.587784201365562309e+00
1.581418904475191622e+00
1.598986080248272046e+00
1.598018801940562783e+00
1.606349888693265671e+00
1.599610173775818378e+00
1.622762577144758689e+00
1.612496933775439567e+00
1.639799359122478428e+00
1.657959204731554115e+00
1.697274811498838742e+00
1.698398065577464866e+00
1.677741845866228099e+00
1.683233564180527830e+00
1.663851402070159580e+00
1.652479049403295042e+00
1.664563668675053565e+00
1.651626763089405037e+00
1.646981755829332927e+00
1.637571182612816534e+00
1.648466264807566750e+00
1.662602313087491845e+00
1.679923270025496684e+00
1.670181507727341419e+00
1.684984198181613602e+00
1.663416171651141973e+00
1.640520436368124280e+00
1.643402291559557193e+00
1.665727066196409423e+00
1.672921091146171824e+00
1.664868734212163748e+00
1.637526052152218137e+00
1.626225270355840413e+00
1.640306564391655231e+00
1.653732259330113807e+00
1.658225984134717113e+00
1.682531942610417497e+00
1.650036430313581937e+00
1.653209302260037150e+00
1.633186424616204002e+00
1.614403072400758532e+00
1.618919138829835624e+00
1.600279989471048880e+00
1.605535591051555633e+00
1.582011936856452472e+00
1.576368627787418930e+00
1.598892362226222996e+00
1.567945278205185478e+00
1.556875722392465855e+00
1.556096873029271022e+00
1.563551810000560760e+00
1.599463124489093335e+00
1.589175720714365525e+00
1.601582199831634634e+00
1.580662157729796125e+00
1.611304733270482625e+00
1.630992941495399418e+00
1.639977003563631852e+00
1.655419805797545996e+00
1.685894039174955950e+00
1.698554278769401682e+00
1.702157240160588003e+00
1.720664096960629275e+00
1.711227944686434910e+00
1.678310755843970714e+00
1.658504963618783634e+00
1.665498226910646418e+00
1.641451276938681314e+00
1.657730672285571139e+00
1.641900334734197386e+00
1.683927409227362837e+00
1.676071494686894869e+00
1.687220441923462433e+00
1.707270320213993164e+00
1.691713387741498043e+00
1.687719025759296887e+00
1.666344773034215132e+00
1.669245160037243547e+00
1.662235338503684545e+00
1.655702240488180932e+00
1.593530907048223977e+00
1.598267485764352402e+00
1.517171140590573897e+00
1.627747539377816244e+00
1.556973836983884585e+00
1.607409462893162111e+00
1.543258154760692946e+00
1.607387708783938773e+00
1.624279832456447803e+00
1.649475118347848213e+00
1.624959860761622243e+00
1.616426888907765314e+00
1.528004689292412399e+00
1.502324897449169194e+00
1.500739666377852721e+00
1.581755194706442325e+00
1.591241418536673891e+00
1.565099291091053724e+00
1.608424184220327735e+00
1.662016525715093840e+00
1.700538713286862347e+00
1.710113109826183031e+00
1.692828443292539564e+00
1.716518408303695287e+00
1.773712705568803338e+00
1.822805063331455866e+00
1.827456290576577880e+00
1.709602561992894731e+00
1.727216511258931497e+00
1.726849293377504591e+00
1.757053355600753042e+00
1.772515370723988903e+00
1.798820498665473444e+00
1.797439373168858046e+00
1.783631290755761434e+00
1.828131888474777034e+00
1.738492247916020750e+00
1.743749037896543008e+00
1.765503308690197670e+00
1.773032937060700087e+00
1.755235374681729743e+00
1.731859708753214599e+00
1.683830843961821477e+00
1.633278365036790358e+00
1.666254165210057758e+00
1.711030115506437133e+00
1.741437518222211489e+00
1.733576392321143134e+00
1.784756237001222878e+00
1.791245842027333834e+00
1.806861553617713945e+00
1.824639448021534660e+00
1.867003750993869060e+00
1.835508191381771903e+00
1.856971127342639694e+00
1.812699413671151838e+00
1.816726617423142232e+00
1.844184237154448347e+00
1.875581630477380024e+00
1.818983247912514090e+00
1.772083913585496218e+00
1.828077974799542371e+00
1.850538445459564363e+00
1.814815593458623200e+00
1.775064493108397645e+00
1.795766113960386656e+00
1.852881348493260916e+00
1.853439311163095571e+00
1.857918790758816607e+00
1.876659931354063726e+00
1.808727939365428750e+00
1.813082566165423515e+00
1.857382352347068277e+00
1.849516286792653119e+00
1.857302516454094610e+00
1.834397380662687427e+00
1.788273553961375439e+00
1.757840330541930118e+00
1.719659291752017261e+00
1.724320840336768912e+00
1.687653078064549783e+00
1.664209534101913857e+00
1.730230061293219546e+00
1.712034754718955165e+00
1.772298635055742366e+00
1.787209966382133697e+00
1.784433291384268427e+00
1.798634766674160668e+00
1.793827848595841212e+00
1.802649990458848883e+00
1.759432526829824983e+00
1.786393994457749157e+00
1.760024947096852088e+00
1.725089729096736191e+00
1.706033878718577146e+00
1.707295519931651961e+00
1.715457498091305322e+00
1.691843004856393051e+00
1.742609575388278431e+00
1.730704308528919100e+00
1.757411698221356344e+00
1.769010762760053534e+00
1.774936667827445191e+00
1.752531600401979528e+00
1.771175944142488135e+00
1.766492135971682087e+00
1.798926000017010196e+00
1.803787411034382560e+00
1.811143731651314592e+00
1.816958846761317359e+00
1.826314340021494509e+00
1.850085470412870192e+00
1.858115420683325025e+00
1.871910379309535744e+00
1.851895396535927718e+00
1.873695293996693767e+00
1.913509350695378863e+00
1.932973028274987737e+00
1.920910843625578845e+00
1.914671745063454500e+00
1.921423122166441289e+00
1.959278858573547000e+00
1.963350633319097094e+00
1.968129181590162924e+00
2.044976787278352415e+00
2.090533279507786890e+00
2.126656288431443276e+00
2.186017719826514494e+00
2.228583021965412581e+00
2.327058476782283503e+00
2.308651774248431376e+00
2.362951353630250662e+00
2.383658850096137538e+00
2.348686325928997398e+00
2.637900529206919753e+00
2.533212737681666216e+00
2.499620654765807082e+00
2.434967414920910400e+00
2.376296204191072459e+00
2.283802954036889599e+00
2.291395556479395079e+00
2.377216556924849566e+00
2.374915763006728575e+00
2.437498340996044899e+00
2.419781859087244857e+00
2.411038771960866356e+00
2.474771659156380199e+00
2.503302065683006727e+00
2.501231228307862153e+00
2.397693921523328164e+00
2.413799830279705017e+00
2.443480370515039191e+00
2.466718793100392215e+00
2.534363223171976376e+00
2.578539098625650006e+00
2.547708073816842056e+00
2.663209614415381399e+00
2.653546174610879049e+00
2.654006263185523906e+00
2.679545479655291107e+00
2.701863549450467250e+00
2.714978267962143477e+00
2.742128057696205268e+00
2.760074496185820347e+00
2.673333318628593691e+00
2.671029711251104555e+00
2.636759264904845690e+00
2.680811036120522850e+00
2.763106420948572950e+00
2.861723137911130088e+00
2.805633574729159196e+00
2.837586289683896812e+00
2.784484872633470331e+00
2.690351381213091919e+00
2.784880642908901471e+00
2.821351690594665396e+00
2.812176528410067711e+00
2.810800315367192770e+00
2.831673639560575495e+00
2.846353829502471289e+00
2.889935720100293093e+00
2.898881455521240547e+00
2.897046563110920125e+00
2.810800316153401202e+00
2.915626140377331144e+00
3.179181802533890266e+00
3.211523860804073038e+00
3.102569222297468787e+00
3.082384179950239833e+00
3.149591820612360316e+00
3.071832629490683697e+00
3.014029228611289302e+00
2.988568236030652248e+00
3.003248426110151748e+00
2.968153591632376909e+00
3.008065522100090927e+00
3.075732017079749081e+00
3.018846324860311015e+00
3.007148163356615278e+00
3.007606667727134031e+00
2.884201266458978896e+00
2.757814011768550788e+00
2.894064535589817577e+00
2.891770788726440777e+00
2.925718837354439383e+00
2.975264609651214975e+00
3.031691447501128511e+00
3.119543334888585928e+00
3.113808880229007148e+00
3.111514958363958971e+00
2.842683870917761535e+00
2.888788935382545109e+00
2.960125565349864374e+00
3.051188733346652082e+00
2.958749352232269203e+00
2.973199939972664296e+00
2.910350365902679926e+00
2.932600077982920883e+00
2.566283086319686380e+00
2.543574694935816893e+00
2.611470617339329614e+00
2.682119140834160032e+00
2.660557535588842448e+00
2.642895492473878338e+00
2.630050370260735626e+00
2.658493216642308532e+00
2.613764365315200067e+00
2.662851283332003494e+00
2.608029910792152517e+00
2.538299096094045915e+00
2.619957674581639750e+00
2.769971029737053669e+00
2.805295291470774277e+00
2.770429709228956927e+00
2.741986863156775645e+00
2.683724782791141461e+00
2.658034362952833352e+00
2.586697733034027724e+00
2.684183462407492282e+00
2.698404973041202748e+00
2.723177859239804377e+00
2.798872555814817531e+00
2.842683873455137178e+00
2.766530322506249195e+00
2.790385674942088556e+00
2.809882785807484407e+00
2.785568754035378181e+00
2.955308472341018344e+00
3.111285709239700825e+00
3.140187234752214618e+00
3.107386322068083295e+00
3.088577142764253214e+00
3.073896952821281836e+00
3.130324140730150528e+00
3.141563797875719377e+00
3.152803105017933483e+00
3.199366848972745370e+00
3.202807731774199418e+00
3.161060733807983691e+00
3.138811021705767867e+00
3.104863148087296132e+00
3.118167124911915611e+00
3.155785133517690966e+00
3.153491211650282455e+00
3.166795188474831324e+00
3.129406432054819387e+00
3.087889036277239097e+00
3.181475378418705091e+00
3.275061720560209277e+00
3.328048025669257282e+00
3.337223363136198273e+00
3.366583743023413344e+00
3.336993760947763565e+00
3.337681867507533262e+00
3.395944122911289220e+00
3.444342934288586733e+00
3.428286531225987588e+00
3.496870385023431282e+00
3.499164306891143106e+00
3.447324612713139835e+00
3.412229778160685179e+00
3.340434643751139188e+00
3.369336169264257830e+00
3.433332529330010097e+00
3.434020985893142086e+00
3.373465158625645000e+00
3.346857204977344846e+00
3.353967872762279701e+00
3.328048025673713273e+00
3.306716022320001613e+00
3.348921524657673121e+00
3.279419962112092080e+00
3.468198111699988040e+00
3.501687480948505904e+00
3.542057915792733880e+00
3.601696384315626887e+00
3.625781163911582894e+00
3.699870220189357628e+00
3.647113167266149425e+00
3.561784453843310772e+00
3.497558491589278784e+00
3.504439907188706460e+00
3.525542658357619263e+00
3.457417308931557187e+00
3.543663731103265935e+00
3.622111028927387455e+00
3.767077860870013950e+00
3.686566243367510598e+00
3.629680551086683860e+00
3.737717480983369978e+00
3.509257003111211137e+00
3.731753774132712920e+00
3.560637492912386737e+00
3.423469435314324016e+00
3.264051665613718178e+00
3.357408405566846721e+00
3.291576978007893839e+00
3.322543173203222899e+00
3.311991622617310504e+00
3.170694575658250081e+00
3.157620201022778073e+00
3.228268724502537435e+00
3.323689784134537195e+00
3.396632229481788556e+00
3.384475213591242149e+00
