1.000000000000000000e+00
1.000000000000000444e+00
9.992990172877778132e-01
1.004385740880084255e+00
1.000253215362847836e+00
9.959432042169094057e-01
1.006094337531178606e+00
1.006345838899141976e+00
1.001824136077835270e+00
9.993338755325221756e-01
1.000062692296010525e+00
9.994816386665890118e-01
1.005697612620953807e+00
1.000008970172213907e+00
1.001853132442810823e+00
1.005087730348344088e+00
1.011091395903178647e+00
1.007544681826532562e+00
9.984212121233635440e-01
1.002497221648385173e+00
9.978201931599353092e-01
9.987743274693511308e-01
1.009562755394658895e+00
9.885342970954080766e-01
1.012785882089530354e+00
1.001085226642386639e+00
9.969826273278001860e-01
1.005197400897420268e+00
9.980969312783097847e-01
9.993575329043561384e-01
1.002375682859801609e+00
1.002966307385344535e+00
1.001496683190490122e+00
1.008178322069204880e+00
9.884676074425640113e-01
9.927122077184739046e-01
1.006336101339614819e+00
9.835035209199762818e-01
1.006012020948731323e+00
1.011003773685253959e+00
1.000965944565525900e+00
1.004962819528940843e+00
1.006226652180190362e+00
1.009503064513661563e+00
1.001507291256286125e+00
1.002610050593503832e+00
1.002067266469186535e+00
1.002383890235694519e+00
9.974592806438501436e-01
1.001125391165578193e+00
1.000703264892314426e+00
9.940654469216331224e-01
9.887638146505001169e-01
9.872149720982529297e-01
9.945364437738115626e-01
9.876361406591332992e-01
9.972029916382491033e-01
9.953542500648520086e-01
1.049419057781068254e+00
1.047382019148315857e+00
1.051348390985086922e+00
1.050471691947144626e+00
1.058088890107175439e+00
1.047940657967033173e+00
1.052729312558907226e+00
1.045929208899737395e+00
1.052242967836831911e+00
1.055536200786984180e+00
1.070224409844749536e+00
1.075330610609749105e+00
1.073622184750479880e+00
1.053818076107036816e+00
1.070776428622551402e+00
1.056578526101360493e+00
1.045391558293541800e+00
1.057998314198882905e+00
1.065624945341705709e+00
1.326087962735661652e+00
1.324437877730468394e+00
1.306287350645207512e+00
1.317287672563434819e+00
1.313987584147519261e+00
1.320465614055209347e+00
1.301153916040344471e+00
1.310809805845205789e+00
1.304454004456589544e+00
1.287586876819857951e+00
1.260452798378333572e+00
1.274875437231471009e+00
1.322543417282574740e+00
1.367284577584332084e+00
1.509798381821477298e+00
1.455023694697109127e+00
1.495779058213676738e+00
1.546009175907971933e+00
1.538226361602746506e+00
1.518851577245912132e+00
1.485917062500129449e+00
1.464672656538927642e+00
1.531173693163724092e+00
1.599369378096542560e+00
1.817659868511965371e+00
1.723753807508507041e+00
1.729025661671653946e+00
1.610572186030678532e+00
1.525397662942872712e+00
1.561388605844036492e+00
1.568890748633724908e+00
1.599477873590902322e+00
1.676535547437965068e+00
1.643839432223830554e+00
1.552158940393816300e+00
1.605721359178327923e+00
1.613114952283907444e+00
1.647946914309748490e+00
1.679164342241775909e+00
1.698716170066141284e+00
1.719911210090904197e+00
1.653697451908207272e+00
1.635624311368770956e+00
1.667498898828464249e+00
1.682450296576106563e+00
1.736998454652667778e+00
1.794997091976777703e+00
1.763944032273045526e+00
1.925288448154789833e+00
1.935803627363688051e+00
1.893413860697773954e+00
1.973100172658319051e+00
1.998074115006644336e+00
2.028305646959032593e+00
2.008918030673882971e+00
2.063794768519526368e+00
2.134280220328004685e+00
2.090904557682442544e+00
1.791710980984887014e+00
1.960968112978680677e+00
1.941073093547980744e+00
1.951673008615880001e+00
1.996518372454068491e+00
2.001573697421982434e+00
1.984613957737518364e+00
2.023262481648135491e+00
2.110018085096868834e+00
2.195305893151105803e+00
2.148340484094349634e+00
2.189761458576012565e+00
2.210471868056668843e+00
2.250425047145268476e+00
2.359358699945147908e+00
2.318100865684334266e+00
2.188946068536922862e+00
2.502863926431315278e+00
2.495036461935023819e+00
2.403388673738440229e+00
2.371589239584301900e+00
2.272603096505305231e+00
2.277658421473299111e+00
2.315654695557308074e+00
2.362946229530398234e+00
2.439265058129500119e+00
2.411216293768287944e+00
2.561896890441979657e+00
2.639194093781384698e+00
2.678005913428662677e+00
2.723503527093550147e+00
2.714371407421276583e+00
2.708011582798086625e+00
2.755955211078668921e+00
2.754976680816908274e+00
2.782373350873748485e+00
2.771121185980543355e+00
2.722851277270844417e+00
2.620603574008747216e+00
2.713066596732577995e+00
2.666590452816136381e+00
2.689584047739258299e+00
2.699531712985286269e+00
2.716491452675674267e+00
2.710783566844774839e+00
2.710620582150352842e+00
2.901417498129898132e+00
2.990619271713271132e+00
2.953438232155768173e+00
2.973333251590969617e+00
3.020787925780410887e+00
3.076233204683286981e+00
3.113087963807418923e+00
3.153367267808730556e+00
3.147333412579749190e+00
2.950828921804945715e+00
2.826240184490903751e+00
2.951318186934618115e+00
2.985400651009447515e+00
2.849396764104669799e+00
2.752367681544777067e+00
2.820043344563609722e+00
2.914137458417123572e+00
2.930770917672331333e+00
2.999588095650083996e+00
2.993391566763488498e+00
2.980997886911150641e+00
2.990782256411975482e+00
2.814662050203237342e+00
2.797376030098245536e+00
2.682571973328068626e+00
2.823631185209175332e+00
2.766718110913627182e+00
2.655827553114600725e+00
2.682082708219804879e+00
2.596468619741179040e+00
2.608210049769658312e+00
2.644575388250489212e+00
2.857061399499619458e+00
2.883316243564580716e+00
2.465030792723305275e+00
2.289058278087602982e+00
2.273165003915937010e+00
2.364368767501120239e+00
2.265064170032631274e+00
2.278926073577830724e+00
2.275399815350398480e+00
2.261618662768590582e+00
2.111893831598179450e+00
2.142148263968250532e+00
2.107035812025614074e+00
2.145852409418247397e+00
2.138243091507067817e+00
2.142977148568835588e+00
2.158897184577104778e+00
2.229981665407806180e+00
2.244356961789205407e+00
2.215185682585695925e+00
2.388346865705280653e+00
2.308048710503479484e+00
2.329054481902176565e+00
2.286082027150334817e+00
2.336098382571866861e+00
2.357118448118749932e+00
2.329995127549192802e+00
2.436203010844689043e+00
2.429716733694031738e+00
2.428205696282201842e+00
2.497711150162599925e+00
2.445626362280661770e+00
2.363550243880459423e+00
2.387057272627910454e+00
2.401437871783233202e+00
2.479223572876123161e+00
2.524418733899994383e+00
2.455226665614624881e+00
2.470574144097026359e+00
2.447353740411737366e+00
2.434293221572346511e+00
2.428054991339846591e+00
2.390860495553686960e+00
2.385599359171727052e+00
2.413206141682144423e+00
2.357847307560623662e+00
2.328058666723444414e+00
2.247071923459154963e+00
2.517592876757328124e+00
2.556964381864519353e+00
2.663524039818257361e+00
2.648568194103298801e+00
2.752479408598238031e+00
2.781767989321483725e+00
2.827569746833342279e+00
2.728448127385616040e+00
2.656610604211856241e+00
2.800297263268930692e+00
2.751870216340333464e+00
2.855023548813822920e+00
2.840387205339274246e+00
2.778501774223545606e+00
2.801223712635104945e+00
2.743617512255013491e+00
2.798135898355775364e+00
2.930289532065627256e+00
3.057951083295561201e+00
3.061975287728242900e+00
3.039602766844616166e+00
3.104963135005232022e+00
3.084992322506951545e+00
3.160168300271601449e+00
3.013501143083269440e+00
3.238489365632427841e+00
3.231935304300769918e+00
3.355344645968552975e+00
3.803272639962257617e+00
3.879951526191876443e+00
3.872897141200991378e+00
3.754351765615397962e+00
3.842532309275382474e+00
3.908169358666482296e+00
3.874737593596697227e+00
3.879031592506223536e+00
3.775821760160846807e+00
3.662797156741353533e+00
3.594859541859791729e+00
3.703436872841361804e+00
3.646694368329431946e+00
3.542104489195966988e+00
3.588265269968585081e+00
3.681199925635334047e+00
3.616789663210576045e+00
3.602527327136741508e+00
3.510206057749604369e+00
3.376478119440272874e+00
3.380618844834090808e+00
3.265907062116840898e+00
3.179413410430694586e+00
3.256858957258053966e+00
3.196742679711660706e+00
3.327403685111392395e+00
3.531676065160738176e+00
3.456684357238640093e+00
3.254711969611450151e+00
3.182480647656876993e+00
3.304246523556177983e+00
3.326790310541921869e+00
3.131412480873672521e+00
3.125124755983345715e+00
3.037864145202963329e+00
2.973760708042446854e+00
3.053506528157218458e+00
3.038324258306356551e+00
3.134326140515908854e+00
3.353014417336550146e+00
3.189688306248819938e+00
3.187694580306773329e+00
3.064855204670632105e+00
3.044305143627664023e+00
3.173278970622730011e+00
3.188154693410084395e+00
3.185701146872237821e+00
3.234468748143582761e+00
3.321882632456421902e+00
3.178800035347817410e+00
3.087858812253390539e+00
2.738816369130360862e+00
2.795098761067989823e+00
2.832057865231481397e+00
2.916251542839945365e+00
2.923305927897300371e+00
2.892174143015458387e+00
2.937721537582302478e+00
3.007192473428814239e+00
2.995077429257345880e+00
3.058720753315996799e+00
3.140362080140633338e+00
3.177455179626479609e+00
3.241680728995219862e+00
3.221454705431340493e+00
3.221454705431632259e+00
3.185572453825464390e+00
3.142901904172623162e+00
3.143411083867988509e+00
3.132915015097878619e+00
3.176988372823454032e+00
3.195918055762251075e+00
3.151268168277809423e+00
3.112299869136106789e+00
3.143216074006060623e+00
3.124156050791492945e+00
3.168143434195002328e+00
3.423339409841060998e+00
3.530939887191822724e+00
3.461805358734507454e+00
3.469408487468608193e+00
3.496204388535011809e+00
3.611828136295772040e+00
3.539963061156771840e+00
3.606803528555570182e+00
3.587162487326338134e+00
3.639843330158720747e+00
3.655069035815169620e+00
3.649892255235683614e+00
3.497744612303694822e+00
3.498489917383223791e+00
3.399194758079434386e+00
3.338520672806778666e+00
3.393493430134022937e+00
3.339767647003522022e+00
3.321312656164495003e+00
3.449390950120491350e+00
3.345681206347823622e+00
3.308997981517040277e+00
3.281235311473658545e+00
3.348789819381729593e+00
3.360254146425095900e+00
3.333329687212744030e+00
3.374848383670449703e+00
3.390249993546588847e+00
3.390624638241309885e+00
3.409581925584519890e+00
3.412463296727717754e+00
3.471761804929022421e+00
3.386529797819875398e+00
3.537733082258158746e+00
3.617353631209220488e+00
3.616898906238786626e+00
3.775229975668747517e+00
3.827703848831739641e+00
3.763097323346578982e+00
3.932802880883076835e+00
3.942509176301851159e+00
3.947817193615291487e+00
3.964044684798802010e+00
3.973599115961840678e+00
3.942205737058970705e+00
3.893978567012116088e+00
3.878054225810092515e+00
3.857277170797059007e+00
3.894281716994255849e+00
3.981788504419428332e+00
3.969504277106738588e+00
3.992404828310730736e+00
4.001655820227688842e+00
4.090224211115481623e+00
4.308915681447457402e+00
4.264479621748816562e+00
4.338033989171987237e+00
4.206849595531253705e+00
4.278432331019293322e+00
4.223380236696757883e+00
4.263114868310298178e+00
4.251133790978003368e+00
4.234299710569768393e+00
3.849997521561820069e+00
3.954338389396402142e+00
3.964044684814874042e+00
4.001049231011827523e+00
3.932802880907496856e+00
3.791912481113060007e+00
3.797675512662605612e+00
3.823912449244625478e+00
3.745201639500443491e+00
3.739893622188716016e+00
3.719571292146592878e+00
3.680443539025703981e+00
3.643438992829451717e+00
3.812992975376993776e+00
3.870471426607072996e+00
3.952518621729731674e+00
3.936594569793543386e+00
3.932196291688544232e+00
3.897769966654381690e+00
3.592936751605838808e+00
3.407584264483514591e+00
3.447060433561812687e+00
3.484508495249341919e+00
3.405429594824608497e+00
3.422430257818541044e+00
3.467414980877041586e+00
3.540683924243851699e+00
3.476893272327983730e+00
3.539931514914533839e+00
3.539179392545175773e+00
3.335019060820429981e+00
3.652468075662465008e+00
3.582207908737703228e+00
3.590633056693679936e+00
3.636369902122931652e+00
3.649760033387290825e+00
3.594695263591212164e+00
3.474937352426363368e+00
3.629148264745494235e+00
3.613802500535211237e+00
3.639830353733126689e+00
3.777491704304917430e+00
3.747702665336094974e+00
3.786819628674034988e+00
3.891833530917450990e+00
3.821122262746234455e+00
3.877089521995895627e+00
3.727241550737101505e+00
3.741835196094593918e+00
3.652618446185451173e+00
3.711895790016221497e+00
3.732507271719510022e+00
3.737772989197205575e+00
3.678796666492902823e+00
3.485017402448337798e+00
3.481857971962233567e+00
3.449812278892363970e+00
3.434466227707487551e+00
3.365710879378610354e+00
3.225040465273460555e+00
3.263103998192578459e+00
3.157036952355493309e+00
3.142593964543698881e+00
3.114309457248604307e+00
3.069776122354990644e+00
2.976046064298944138e+00
3.096556384908727200e+00
3.283715766857249196e+00
3.299212185125126151e+00
3.349010950536603026e+00
3.324487629016762202e+00
3.343895600142177571e+00
3.427545611451168650e+00
3.395800652545507337e+00
3.343444211936975830e+00
3.346152254217006128e+00
3.299512919292433288e+00
3.160798425095786790e+00
3.178701864519129838e+00
3.173736881206634663e+00
3.168772184854079299e+00
3.109194106859325402e+00
3.042244024396762114e+00
3.072935552848106155e+00
2.899015648134355416e+00
2.886678947313441324e+00
2.904732753818761726e+00
2.887581723727484562e+00
2.959790296524050568e+00
3.045510641453561540e+00
3.052701526413154287e+00
3.129224842969113851e+00
3.132626337269804662e+00
3.036342435069593559e+00
3.107498942641133688e+00
3.085262644956470179e+00
3.173412217875191121e+00
3.285426572601785278e+00
3.278307430454419524e+00
3.309922934581538190e+00
3.258277460475861975e+00
3.258527918303916415e+00
3.253793440739872977e+00
3.211060367410638161e+00
3.091290854433317747e+00
3.116727694788827829e+00
3.129913617417620308e+00
3.140002246752665815e+00
3.220348775028139876e+00
3.288967091769686935e+00
3.163508803727405283e+00
3.131654225001232916e+00
3.133964584587047852e+00
3.180518735099209238e+00
3.122969153866375080e+00
3.065975206391423846e+00
3.078214836177219915e+00
3.099965958729150373e+00
3.075970906999665022e+00
2.976479449792751364e+00
2.927730495141235512e+00
2.902262004251967120e+00
2.949828267429309925e+00
2.932916542329082166e+00
2.888249945750009928e+00
2.936858190569722193e+00
2.920430255254642837e+00
2.998907304533796392e+00
2.939167371539896045e+00
2.972547051347051994e+00
2.986521064126101521e+00
3.029297543542420978e+00
2.917285916225694997e+00
2.865918757660995908e+00
2.797001998572639536e+00
2.873677551535079644e+00
2.843615873169777597e+00
2.824373723775609690e+00
2.865851066571627026e+00
3.021928812945590792e+00
3.025138608214928304e+00
3.101146666890246983e+00
3.128202408005613222e+00
3.156350148046938919e+00
3.170796893694846741e+00
3.151185129122551665e+00
3.149533198767906494e+00
3.378431753987396924e+00
3.410907872413840192e+00
3.385976171159489567e+00
3.391864647811293931e+00
3.457501853564785677e+00
3.455171923552399438e+00
3.451781538131401650e+00
3.578836869559174794e+00
3.561105130934515639e+00
3.580966882311411581e+00
3.509159643320360011e+00
3.510578383411008030e+00
3.551807468783319433e+00
3.599145796185179602e+00
3.563466283203937213e+00
3.639401042078158177e+00
3.656096956201631443e+00
3.725210684559180585e+00
3.765390771089518918e+00
3.741769853160189285e+00
3.765018117571629741e+00
3.881958522645967857e+00
3.895122803933569688e+00
3.877836397651182931e+00
3.870803730109571905e+00
3.885487323820671524e+00
