1.000000000000000000e+00
9.999999999999997780e-01
9.720745030562278899e-01
1.010138351558015790e+00
1.012701073748414338e+00
9.926992747723256683e-01
1.036822168013340928e+00
1.009957390158928048e+00
9.993875425527617429e-01
9.868469908361104936e-01
9.990877350736044882e-01
1.007193196535962398e+00
9.995013305675858328e-01
9.839980716121342619e-01
9.945802810089086066e-01
9.942627627752123054e-01
9.853441552884483201e-01
1.005276418788529691e+00
1.008742864637508951e+00
9.847664264268652934e-01
1.016831286738086204e+00
1.018564546002298510e+00
1.037052378329246682e+00
1.025497437700257475e+00
1.025497437700259251e+00
1.039941095316639696e+00
1.090204887184293536e+00
1.106959532926474088e+00
1.077494488832129838e+00
1.061028743860472190e+00
1.048607246278819183e+00
1.048607246278822736e+00
1.048607246278824068e+00
1.050918234404623286e+00
1.065072991250489487e+00
1.060162114228380803e+00
1.060162114228382135e+00
1.076050130338458422e+00
1.041385453810366180e+00
1.066332435109205612e+00
1.101074455618569647e+00
1.129557189959159436e+00
1.110162841438059989e+00
1.106524092887114952e+00
1.142627126585407771e+00
1.104404510457418720e+00
1.133467777427048961e+00
1.134049026679535999e+00
1.145093128088294332e+00
1.181422193519755748e+00
1.211938620181754578e+00
1.230539108117427949e+00
1.203219662027567916e+00
1.164034820019895111e+00
1.170415205834437700e+00
1.173901045091102935e+00
1.148855917817145578e+00
1.156093081077518292e+00
1.186480636435726543e+00
1.213728696538109553e+00
1.203828932895682380e+00
1.246499302118655672e+00
1.265496232205848059e+00
1.242115304674136222e+00
1.202501005030233605e+00
1.282863994611975755e+00
1.409737458149244782e+00
1.425633357606286289e+00
1.401200711056531656e+00
1.395607654534569253e+00
1.389720273393067584e+00
1.404144401627296812e+00
1.404144401627300143e+00
1.417391083258250362e+00
1.460074670596729574e+00
1.455659208803165683e+00
1.471849432879752007e+00
1.520420549484859718e+00
1.508645787201855937e+00
1.506879543234384000e+00
1.519537427501141513e+00
1.468905742309031703e+00
1.445356217743013483e+00
1.433581455460005483e+00
1.412386824100540172e+00
1.379122957713400988e+00
1.390014598012675906e+00
1.386482258202848428e+00
1.347036686054666310e+00
1.385010338854915757e+00
1.346447888690471162e+00
1.388542826789873397e+00
1.396196451898857660e+00
1.414741717307115287e+00
1.431815211492558415e+00
1.447711110949603475e+00
1.430637764889289176e+00
1.420334773829096786e+00
1.398257020485893065e+00
1.357339677114896004e+00
1.371493530683619788e+00
1.379312484272313899e+00
1.379312484272317008e+00
1.379312484272319672e+00
1.379610217499873226e+00
1.387054746913262360e+00
1.369783522584932856e+00
1.363827958990458056e+00
1.375739086179417869e+00
1.411770350814415709e+00
1.420703696206136568e+00
1.423086011548278629e+00
1.410877001291195754e+00
1.382465130023565969e+00
1.403149922700955843e+00
1.376864714096781350e+00
1.350789546704125765e+00
1.389006764984228148e+00
1.389006764984231257e+00
1.506203943978312587e+00
1.500039003658787617e+00
1.466709033059770295e+00
1.466709033059773626e+00
1.464747984018619942e+00
1.472285095386621112e+00
1.481369462883523891e+00
1.380839600746738727e+00
1.361373440739359175e+00
1.375537044029834677e+00
1.374500913329635976e+00
1.362230225297279329e+00
1.354790390693420443e+00
1.363306346815510217e+00
1.366315998038977408e+00
1.371248001129943717e+00
1.383306239180368769e+00
1.383152707740997300e+00
1.383031056811983683e+00
1.389346285225401489e+00
1.380164772218431146e+00
1.374596027263475850e+00
1.380972487804294158e+00
1.379741048048567009e+00
1.378667819316220733e+00
1.352881390278680929e+00
1.338724938264391540e+00
1.313219128227143928e+00
1.351104170232553470e+00
1.299973900760348133e+00
1.287392768714246571e+00
1.358528780353596144e+00
1.395508779543985334e+00
1.371699189264724561e+00
1.361547707543419472e+00
1.361547707543422581e+00
1.299758035214258589e+00
1.283173983313351751e+00
1.272310701797491062e+00
1.278022643012442838e+00
1.289133097878620182e+00
1.264789170151167541e+00
1.285916204221082992e+00
1.303059997964203909e+00
1.294259129975241951e+00
1.276404313019144476e+00
1.216008835131834109e+00
1.245659992197613475e+00
1.241844502985237408e+00
1.217790295755794228e+00
1.172262450658385191e+00
1.178389746009282923e+00
1.204007821490863606e+00
1.208352741278995390e+00
1.221521470681636412e+00
1.214342648701095095e+00
1.272637836871260086e+00
1.265112821954438305e+00
1.261951222238712589e+00
1.256072394776245771e+00
1.257878175105511476e+00
1.237079034934026378e+00
1.242378116055220083e+00
1.217640696011788926e+00
1.226862636219226088e+00
1.210813387700536703e+00
1.228760783238102006e+00
1.227997520421413968e+00
1.237284785936979548e+00
1.226224543104211806e+00
1.241999616958454844e+00
1.245655508529113442e+00
1.237740210419123965e+00
1.235477625438534233e+00
1.235477625438534011e+00
1.246282892968274769e+00
1.259360267381315124e+00
1.266873979252833848e+00
1.269294807854745244e+00
1.294470238548353302e+00
1.280232651180673420e+00
1.288997574425043036e+00
1.396597689492402150e+00
1.388755544704667999e+00
1.309448447234374813e+00
1.340340979750484163e+00
1.317416101694251163e+00
1.321548146765160192e+00
1.357328927526463946e+00
1.347904401935810847e+00
1.302702895013143625e+00
1.310731637464040311e+00
1.340747927672341744e+00
1.303942121620520256e+00
1.291601678163696310e+00
1.308640806587469951e+00
1.312204131395669382e+00
1.315371246296894725e+00
1.328564175025472194e+00
1.340599407925821884e+00
1.335746885555641361e+00
1.363570022848650254e+00
1.363496960727130780e+00
1.351037897894773465e+00
1.341477022054912815e+00
1.318076465140539222e+00
1.334542769308987742e+00
1.334542769308987964e+00
1.320515572428773154e+00
1.273037430479314391e+00
1.276447926536104838e+00
1.287164521255017569e+00
1.298463544080451282e+00
1.317042488112720733e+00
1.362603509638954158e+00
1.385839308010975879e+00
1.381259211661059361e+00
1.384688758973593670e+00
1.405101846926254394e+00
1.407430385651557092e+00
1.398943690347914881e+00
1.402902742782736967e+00
1.405266642532413623e+00
1.404434683066325906e+00
1.410064216716208074e+00
1.395779353436386705e+00
1.384806269323229477e+00
1.391419118637695185e+00
1.412060236567620919e+00
1.413906227967943074e+00
1.398100521087519921e+00
1.405256524265509954e+00
1.378965127598993590e+00
1.386490572199732929e+00
1.387555341731933733e+00
1.388099962934332021e+00
1.402616260111115620e+00
1.373395238034310406e+00
1.341683636040359895e+00
1.342396459374310069e+00
1.318492535788347020e+00
1.306999496209989342e+00
1.290846922971258026e+00
1.264863537222157719e+00
1.272111061710593738e+00
1.272536282270083419e+00
1.267925321045099807e+00
1.296766629771596069e+00
1.297945245147201110e+00
1.299454618950594220e+00
1.298877952003261171e+00
1.286228102972448939e+00
1.294921640432216803e+00
1.282148789156061230e+00
1.269431366783714044e+00
1.263327780659350585e+00
1.239973237725885191e+00
1.221219350163668782e+00
1.189042031727771009e+00
1.199889699640097396e+00
1.171042751660741565e+00
1.189540744354967483e+00
1.147013749623400303e+00
1.108618920965428023e+00
1.136954513632943975e+00
1.146713002134474024e+00
1.146713002134473802e+00
1.172151621695050716e+00
1.153642013472102157e+00
1.170160892099308958e+00
1.189468157610864552e+00
1.231061354189388890e+00
1.243791137422945559e+00
1.243791137422945337e+00
1.234478911548755331e+00
1.230559575162216479e+00
1.217968085134083944e+00
1.213253399143569000e+00
1.213253399143568556e+00
1.178411177772529461e+00
1.196567393271425805e+00
1.182784343065386601e+00
1.156574796866822741e+00
1.192870438341485206e+00
1.191731779859227069e+00
1.199732367267232203e+00
1.204280791764165359e+00
1.188596882012306066e+00
1.156490658119894155e+00
1.153128525775142910e+00
1.174378260074597113e+00
1.142664692510922508e+00
1.144759687116636115e+00
1.178180512546788350e+00
1.167888922838128174e+00
1.187882531717951329e+00
1.203047515583492322e+00
1.233161427057138049e+00
1.269381866559092131e+00
1.269172206073905684e+00
1.233370853412263379e+00
1.254202297764710261e+00
1.321953704364597248e+00
1.327730619011882718e+00
1.329663792338555472e+00
1.294509227713560362e+00
1.286855342587783113e+00
1.276576410309853582e+00
1.317225848139503164e+00
1.357891000165841522e+00
1.346914181378648490e+00
1.367710409585150888e+00
1.363251417451460279e+00
1.342897348481875364e+00
1.418648685135259990e+00
1.411014766475981341e+00
1.433114186390791689e+00
1.455510236128560786e+00
1.552770287334597210e+00
1.576902225493050036e+00
1.718979475228063603e+00
1.634234017304041719e+00
1.676242586568398307e+00
1.763627672724586981e+00
1.851273843742847758e+00
1.581116394949829029e+00
1.561343401677622200e+00
1.565815957695263050e+00
1.569780511343617402e+00
1.576846067342793312e+00
1.553186029476959051e+00
1.562264245381197902e+00
1.595998050761813669e+00
1.629007450646603905e+00
1.631210558023087120e+00
1.634684436489814541e+00
1.596493309347295719e+00
1.590614127147363277e+00
1.590614127147363277e+00
1.590614127147362833e+00
1.571909714727127927e+00
1.606634737620298736e+00
1.602330460777067422e+00
1.586779976473662312e+00
1.599895827995288400e+00
1.572406324986467041e+00
1.569120113343117628e+00
1.569136937456976799e+00
1.589533044105041926e+00
1.618560990458259852e+00
1.648261986622331809e+00
1.675624408451264591e+00
1.671439918602685815e+00
1.664200683237596401e+00
1.672173722453873745e+00
1.687643441692304069e+00
1.725151621427696291e+00
1.717038234861552715e+00
1.704142301134042858e+00
1.705719760838652732e+00
1.704544457911810085e+00
1.704544457911809641e+00
1.718622135429746400e+00
1.719413771236342869e+00
1.719413771236342869e+00
1.670843801216284730e+00
1.661650990562294039e+00
1.653650608381315390e+00
1.643650861501364080e+00
1.627141241902159141e+00
1.633926113440906880e+00
1.662365572648793144e+00
1.643069343560494833e+00
1.636567507900579477e+00
1.657421522327969798e+00
1.656535277286335539e+00
1.667450150324618852e+00
1.647841041802305950e+00
1.655308310452035636e+00
1.656852262241392371e+00
1.658469298164124917e+00
1.674702312652966096e+00
1.686794363915324668e+00
