1.000000000000000000e+00
9.999999999999997780e-01
9.720745030562278899e-01
1.010138351558015790e+00
1.012701073748414338e+00
9.926992747723256683e-01
1.036822168013340928e+00
1.009957390158928048e+00
9.993875425527617429e-01
9.868469908361104936e-01
9.990877350736044882e-01
9.863224964126379168e-01
9.860863635737422417e-01
9.825197275022621302e-01
1.001232111068379504e+00
1.005453561878123736e+00
9.649775090036754044e-01
1.002330448700636367e+00
9.814684434092255660e-01
1.003715102280331894e+00
1.017342376589431829e+00
9.701583258275562338e-01
9.974343165977582748e-01
9.859334327628309635e-01
1.006860144475177687e+00
9.909957758507438319e-01
9.977339833261699154e-01
9.865758292499540172e-01
1.021138560770514125e+00
1.028008325575352933e+00
1.007973875117817775e+00
1.000000000000005773e+00
1.000000000000009326e+00
1.022633210080401867e+00
1.043804380964442835e+00
1.044791204612124380e+00
1.044791204612123936e+00
1.060448866084612307e+00
1.064440644015147264e+00
1.137538705488094992e+00
1.149126817009850532e+00
1.176021210436757558e+00
1.168702792003211144e+00
1.244790746216946298e+00
1.258482104656459821e+00
1.207692909260325020e+00
1.270646807539670187e+00
1.287295920768893209e+00
1.292850605244382001e+00
1.334924793643848862e+00
1.323194013801865854e+00
1.296238250219941213e+00
1.264780578869519889e+00
1.215292470225281196e+00
1.287934915336311770e+00
1.313850385880910521e+00
1.293880819378195213e+00
1.346831471236754396e+00
1.389298046581717072e+00
1.419778900986539583e+00
1.408520034108418972e+00
1.409010214856768695e+00
1.426765978154871384e+00
1.405888410722454518e+00
1.377685603551600302e+00
1.449169809180493873e+00
1.567361798850704480e+00
1.585291803510115338e+00
1.562804611980201486e+00
1.554949365314085563e+00
1.547424059733565116e+00
1.563396228050080161e+00
1.563922748909785110e+00
1.576898298019434597e+00
1.624385316261913736e+00
1.619472957020014148e+00
1.637485160633024739e+00
1.691522265855549767e+00
1.678422421484459415e+00
1.676457411869906933e+00
1.690539761048305278e+00
1.634210199540306885e+00
1.608010510798117521e+00
1.594910666427031387e+00
1.571330880641267802e+00
1.534323639018976726e+00
1.546440978582793724e+00
1.542511124148171042e+00
1.509433318365899890e+00
1.551985015250006761e+00
1.516875173425579426e+00
1.557976455215378309e+00
1.566563995683557087e+00
1.587372202894987705e+00
1.606529049508558016e+00
1.624364608204148075e+00
1.605207927790327505e+00
1.593647738806341696e+00
1.568876000240485125e+00
1.531654427681528485e+00
1.529056933621173009e+00
1.536628495393212113e+00
1.536628495393233873e+00
1.536628495393348892e+00
1.536960186265950989e+00
1.543143536149066630e+00
1.526070974803551250e+00
1.527371572144853307e+00
1.553765377776324508e+00
1.585625801193360829e+00
1.606598469401847584e+00
1.622170196059300462e+00
1.602906950330839075e+00
1.577357856485308130e+00
1.552135413295517408e+00
1.542621569683558791e+00
1.535715909878310415e+00
1.559748265648337684e+00
1.559748265648345011e+00
1.644905022893888402e+00
1.697031636224436646e+00
1.659429477404048336e+00
1.659429477404055442e+00
1.657242103252620558e+00
1.665771540948945528e+00
1.665654915199589636e+00
1.626350284112288991e+00
1.603579169388060555e+00
1.620201207238761043e+00
1.618966425713288526e+00
1.604571257201248935e+00
1.595781663213937440e+00
1.605803984115503180e+00
1.609378984886791653e+00
1.615149824175052151e+00
1.629256927765694307e+00
1.629062045714893436e+00
1.628916421187263319e+00
1.636304227032016945e+00
1.625429611949483322e+00
1.618874322607029237e+00
1.626340993973142357e+00
1.624839056355595446e+00
1.623526519145456870e+00
1.593295265516010861e+00
1.576653919320352593e+00
1.503351783710570544e+00
1.477174202749050425e+00
1.463448962072118054e+00
1.469752855061757346e+00
1.496681840878413716e+00
1.465460098765497765e+00
1.452532461602997760e+00
1.413728160366511943e+00
1.413728160366521269e+00
1.386334287583913305e+00
1.388089915457515477e+00
1.380070236741836487e+00
1.385661807602792228e+00
1.373792408708492729e+00
1.364716705212247527e+00
1.364591141449837286e+00
1.370987775532468866e+00
1.357539843651575540e+00
1.339286724034696840e+00
1.321450291708838876e+00
1.317364577820299809e+00
1.317227959435317342e+00
1.311015188294793798e+00
1.281877438393778545e+00
1.299835103487237964e+00
1.320056442220974180e+00
1.330445656786892528e+00
1.341755303325925519e+00
1.329508094176943267e+00
1.345311338217768382e+00
1.350316062194985012e+00
1.342219543935287307e+00
1.351657349791214990e+00
1.359054528117149108e+00
1.341303909404188310e+00
1.354553906067079039e+00
1.328429513390905647e+00
1.325530190186398505e+00
1.311187207290078316e+00
1.327070747551414520e+00
1.329834108004810389e+00
1.339399086476724898e+00
1.325089520420527966e+00
1.330456999950561547e+00
1.346669436876457127e+00
1.347102910068562531e+00
1.377560507681462543e+00
1.377560507681466762e+00
1.419339543857723429e+00
1.462694918256738141e+00
1.423645682567044046e+00
1.417796052526790085e+00
1.445658965691646092e+00
1.447675056367268454e+00
1.468586683831684558e+00
1.607562733816167766e+00
1.618116643312301761e+00
1.632815600751639451e+00
1.492476141124417177e+00
1.416137997001689186e+00
1.424141241262531610e+00
1.518191890702725644e+00
1.541751377322942984e+00
1.497008955973349487e+00
1.439016146477860358e+00
1.525791302125553139e+00
1.463127342822080124e+00
1.470525092837633441e+00
1.515077143186038588e+00
1.489666921065839755e+00
1.511220239680086452e+00
1.393905601267406924e+00
1.438906457230005209e+00
1.457668980962975036e+00
1.471047768046531479e+00
1.498337761863276052e+00
1.542951538034452064e+00
1.553081796521983193e+00
1.542878716676298056e+00
1.520276946470318080e+00
1.520276946470345170e+00
1.522952716728277700e+00
1.464371629383587781e+00
1.485319532198565495e+00
1.493593429575050369e+00
1.535011135716038311e+00
1.570427725650720419e+00
1.584962441935238830e+00
1.678741419538916535e+00
1.619417897463107714e+00
1.660951183694576283e+00
1.711303277942087364e+00
1.739895802213031972e+00
1.730305871995313272e+00
1.709058187581547150e+00
1.708163707754180249e+00
1.686483473783170428e+00
1.641548495491795157e+00
1.626192082225771163e+00
1.585488576815138106e+00
1.600291346924489710e+00
1.597587523732831860e+00
1.625422698090945195e+00
1.576963983133549130e+00
1.601208719853342899e+00
1.552900644281887566e+00
1.545832231348551966e+00
1.540049989259213437e+00
1.559835310167514422e+00
1.630608944741822830e+00
1.542987231305515960e+00
1.509242050945129199e+00
1.497745121760299059e+00
1.456540922515648484e+00
1.447093423586710559e+00
1.429973527326504623e+00
1.401896118640842293e+00
1.414779327665673714e+00
1.437540232648659932e+00
1.422526800505127254e+00
1.440635305721344128e+00
1.479578956232233455e+00
1.486670703001358174e+00
1.475570880880525682e+00
1.485617296422667266e+00
1.464544902817982219e+00
1.439475890881783737e+00
1.425774789765799966e+00
1.426396919135692665e+00
1.430121880805838019e+00
1.429019502124868835e+00
1.396036619187816186e+00
1.401916342778321445e+00
1.391406981643783514e+00
1.378745570507077911e+00
1.387816379856528171e+00
1.531710273171420278e+00
1.426804508691520201e+00
1.423786679692892854e+00
1.423786679693054502e+00
1.425182118068062831e+00
1.405409818919730158e+00
1.494802877800925911e+00
1.502038153081607819e+00
1.542069232734295525e+00
1.548289713760736541e+00
1.548289713760844455e+00
1.506626586859160621e+00
1.523656686859575560e+00
1.487009385542560125e+00
1.483031792200836696e+00
1.483031792200897536e+00
1.505352585295137491e+00
1.567706158058684851e+00
1.608301101106136555e+00
1.719019073359975502e+00
1.791490366503319720e+00
1.774097256148931878e+00
1.706175864611680471e+00
1.672721533631391866e+00
1.623452302294142502e+00
1.655005332564464027e+00
1.679062232013707412e+00
1.648444359987434105e+00
1.568072445918428093e+00
1.545102885450196917e+00
1.519162690724780607e+00
1.533765420322694695e+00
1.677022823572957400e+00
1.646211247450628301e+00
1.540874444356470363e+00
1.673282933757356705e+00
1.716031077183066245e+00
1.656693641121218086e+00
1.642230805273261263e+00
1.934629206122971068e+00
1.901536767043202403e+00
1.986573042657004295e+00
1.861836194426147006e+00
1.762315166929069754e+00
1.840887328377554422e+00
1.987428327750951240e+00
1.902236625995812780e+00
1.977179459903483094e+00
2.010671161967509057e+00
1.920260127177510823e+00
1.960722698254149465e+00
2.052930733766895166e+00
1.992519207238004908e+00
2.028296094536750083e+00
2.046497499825826516e+00
2.177370307198372767e+00
2.219998078912954753e+00
2.447531638992977321e+00
2.290277397107415958e+00
2.355788504253959026e+00
2.519407409250220997e+00
3.270983690887202755e+00
2.668085188918844164e+00
2.653344136204037973e+00
2.738841267141231217e+00
2.770975838039130057e+00
2.715845462279188549e+00
2.491195523398234801e+00
2.327393234103191322e+00
2.537552004770018410e+00
2.330277469729617135e+00
2.330277469773111232e+00
2.452632845847897425e+00
2.233038946647564416e+00
2.135442244857987504e+00
2.135442244868119843e+00
2.135442244874401485e+00
2.050332151544236314e+00
2.225438968546837426e+00
2.247705321528338906e+00
2.279227692331811550e+00
2.244499656700881474e+00
2.243965379229668322e+00
2.251979541298445131e+00
2.259630716164664932e+00
2.256278342868751619e+00
2.206946595441301007e+00
2.253263089242569350e+00
2.168054887308202172e+00
2.081302856235190735e+00
2.062071637432232762e+00
2.088376816706988492e+00
2.111840660668894198e+00
2.193065301463929639e+00
2.097140724666477940e+00
2.166044749753652798e+00
2.077356121417220702e+00
2.033580493901740560e+00
2.033580493901749442e+00
2.048881851100083029e+00
2.053316885169564454e+00
2.053316885169975681e+00
1.946288451904545136e+00
1.882672947749090886e+00
1.858692648061473829e+00
1.878499088094832237e+00
1.767286318753767071e+00
1.779009915958254640e+00
1.792581239122733150e+00
1.801184041770966138e+00
1.772962006291064707e+00
1.779700954772622135e+00
1.781610263508162539e+00
1.787282400888329459e+00
1.722158656560142775e+00
1.723954458345128060e+00
1.760514494817310149e+00
1.714008204669561941e+00
1.702050301933456078e+00
1.732961559587363976e+00
