1.000000000000000000e+00
9.999999999999997780e-01
9.720745030562278899e-01
1.010138351558015790e+00
1.012701073748414338e+00
9.926992747723256683e-01
1.036822168013340928e+00
1.009957390158928048e+00
9.993875425527617429e-01
9.868469908361104936e-01
9.990877350736044882e-01
9.863224964126379168e-01
9.860863635737422417e-01
9.825197275022621302e-01
1.001232111068379504e+00
1.005453561878123736e+00
9.649775090036754044e-01
1.002330448700636367e+00
9.814684434092255660e-01
1.003715102280331894e+00
1.017342376589431829e+00
1.001704569171719461e+00
1.019886378256547044e+00
1.008522702905787272e+00
1.008522702905789936e+00
1.022727279225147834e+00
1.072159070440875217e+00
1.088636381830385691e+00
1.059659063293243442e+00
1.043465870591169908e+00
1.031249982130953091e+00
1.031249982130957310e+00
1.031249982130961751e+00
1.054590479621932531e+00
1.068794697725993226e+00
1.063866660525229824e+00
1.063866660525233820e+00
1.079810194457027084e+00
1.061809670691161722e+00
1.087591632932147334e+00
1.122864101324428709e+00
1.151893473013011260e+00
1.134765445196232347e+00
1.146092330688837979e+00
1.189006476273918533e+00
1.146018129889354142e+00
1.190381153931305613e+00
1.202717610879881383e+00
1.207400067547625744e+00
1.254079212221828277e+00
1.275132965734525170e+00
1.283281609670591905e+00
1.254930450828041666e+00
1.203242319544524541e+00
1.222378012950214643e+00
1.229375624804847300e+00
1.203686925734804847e+00
1.260641066391417597e+00
1.302204804059480026e+00
1.335566288233933419e+00
1.324322854662051130e+00
1.324783733848888145e+00
1.341247229654118467e+00
1.321960076772012771e+00
1.281399258527765594e+00
1.346618295442358226e+00
1.454870312030139168e+00
1.471529541866909874e+00
1.450948390571938029e+00
1.443554265706679773e+00
1.436507647581841685e+00
1.451329406146964152e+00
1.451851113802623328e+00
1.463785463969610845e+00
1.497492962689215945e+00
1.494271489199833880e+00
1.508029147452843999e+00
1.547134711604595481e+00
1.535883350409358306e+00
1.534850521563731141e+00
1.544501956572454260e+00
1.506084056631366241e+00
1.485615587136605242e+00
1.470820260033968818e+00
1.449630564980312730e+00
1.420941398988568860e+00
1.431844188738306878e+00
1.426422316647200539e+00
1.396506076032421717e+00
1.429225387860542318e+00
1.397394040101406887e+00
1.434864775685287475e+00
1.440819681135939057e+00
1.455600719971275492e+00
1.472192984444810060e+00
1.481798062202256849e+00
1.464503623814165767e+00
1.456913576750008321e+00
1.441319343116641782e+00
1.408681121178508633e+00
1.430083281918090199e+00
1.435605719829182503e+00
1.435605719829188942e+00
1.435605719829194049e+00
1.435915604303769300e+00
1.441593836832506303e+00
1.425744715427511800e+00
1.427328091677537047e+00
1.452593900445848796e+00
1.481970627936471052e+00
1.502075285138591898e+00
1.517221483703877327e+00
1.498959619938475374e+00
1.478291504687844649e+00
1.466489671747797985e+00
1.445898168518028326e+00
1.426335311304303355e+00
1.448354663112054075e+00
1.448354663112064289e+00
1.533336407601138873e+00
1.547078773216881808e+00
1.512919618294661150e+00
1.512919618294668478e+00
1.512611530798718906e+00
1.517484963863172442e+00
1.535998751980872434e+00
1.466258247296539308e+00
1.424977595673584174e+00
1.435114072952756281e+00
1.438585643977342121e+00
1.444040887480421143e+00
1.407794024551523027e+00
1.406176716849235619e+00
1.407258789595472237e+00
1.398973220883333202e+00
1.416120582923256599e+00
1.418203616860711946e+00
1.414490787762649360e+00
1.420196481976061964e+00
1.410996997910378026e+00
1.405850353729051427e+00
1.406352087362211734e+00
1.404875173726997994e+00
1.403572650999730387e+00
1.377901971371473078e+00
1.363616351298949203e+00
1.301108710732238993e+00
1.326864018061276074e+00
1.278371515469009623e+00
1.266314725755332216e+00
1.328255556284802186e+00
1.363150801168292015e+00
1.340563423074962124e+00
1.330520563265398470e+00
1.330520563265400913e+00
1.272492977446161078e+00
1.257270370877749732e+00
1.248032314104136065e+00
1.247917470250319294e+00
1.256388688773234064e+00
1.257575924879213103e+00
1.269972382309010106e+00
1.263621469404701658e+00
1.251980071399146466e+00
1.253231777640308797e+00
1.245655217755369693e+00
1.250800083163969845e+00
1.245943655128783023e+00
1.236385961657780586e+00
1.198674923694637906e+00
1.204940274327567229e+00
1.231135555645193724e+00
1.235578371665251973e+00
1.249043808268634148e+00
1.241703238855266678e+00
1.259665330798808158e+00
1.263111567882351460e+00
1.259954969431489546e+00
1.254085441556533231e+00
1.255888365361721215e+00
1.235122126891366801e+00
1.240412825513001804e+00
1.215714537048774968e+00
1.224921889272379660e+00
1.208898028705970074e+00
1.226817033654349132e+00
1.226054978226277514e+00
1.235327552421346287e+00
1.224284805542791510e+00
1.240034925155610201e+00
1.243685033552020647e+00
1.235782256477546026e+00
1.263569545197306576e+00
1.263569545197312571e+00
1.301755792637854459e+00
1.314863111174111587e+00
1.288868140851435085e+00
1.291086710378595015e+00
1.316323844891924999e+00
1.302179036415137769e+00
1.310798435920131011e+00
1.419090970690444875e+00
1.410991365495926519e+00
1.331039472248461975e+00
1.294719880018598834e+00
1.265178214002348200e+00
1.260494219943971927e+00
1.300328126581683508e+00
1.287725626768291942e+00
1.259047028527136680e+00
1.264373685383842094e+00
1.295543106559990498e+00
1.257734544030954416e+00
1.246972928614429099e+00
1.263260493803850526e+00
1.267177289793218975e+00
1.265300198503028550e+00
1.246457173158143972e+00
1.264504709031282426e+00
1.262469307556770337e+00
1.275046785781697389e+00
1.285728762821856996e+00
1.276535881725727295e+00
1.268017092645318478e+00
1.242876196611016004e+00
1.246969952528467873e+00
1.246969952528467429e+00
1.243430566824894168e+00
1.204099303201506377e+00
1.206546196792599890e+00
1.217878514006577984e+00
1.231720208096372948e+00
1.237381663758101658e+00
1.278211785443122972e+00
1.294570453643819841e+00
1.301314514637978537e+00
1.305071715769889007e+00
1.324568896271779206e+00
1.317512661453865919e+00
1.309236157501623810e+00
1.307358852728482512e+00
1.314268022397666602e+00
1.313267129452258430e+00
1.313514322227070874e+00
1.303768158766019258e+00
1.293914599538585897e+00
1.303063230671770212e+00
1.323335908860152177e+00
1.323658776464853970e+00
1.306816102137237978e+00
1.311986762772349380e+00
1.287512939396996181e+00
1.293023976298444122e+00
1.296281292674396513e+00
1.305589347240358578e+00
1.322488349838059740e+00
1.303196854233672042e+00
1.271648944345153964e+00
1.271944484152937260e+00
1.242540992329050020e+00
1.236409763602660083e+00
1.219728074462775647e+00
1.196301086559971250e+00
1.205040706231654157e+00
1.207549612211162637e+00
1.201012249097551221e+00
1.230672763085821853e+00
1.239806976706580910e+00
1.236571810022254247e+00
1.231822834739175310e+00
1.226339289313569170e+00
1.236357751989618947e+00
1.221629359772461898e+00
1.209569241582214350e+00
1.208239971839682569e+00
1.192656486317985154e+00
1.176183428540682474e+00
1.147904711013464363e+00
1.160886812633320941e+00
1.136160067256178907e+00
1.146830022764528056e+00
1.110167150820490223e+00
1.073005715265374027e+00
1.100431057105290655e+00
1.109876064525311179e+00
1.109876064525311401e+00
1.134497495443331783e+00
1.116582488730970102e+00
1.132570715922088800e+00
1.151257756029616885e+00
1.191514815331877086e+00
1.203835667795589925e+00
1.203835667795589481e+00
1.194822587289849469e+00
1.191029155423161345e+00
1.178842153642488677e+00
1.174278921933346709e+00
1.174278921933346265e+00
1.140555969928243041e+00
1.158128936282579069e+00
1.144788651929511403e+00
1.119421059573176391e+00
1.114929101277418511e+00
1.113864841960160668e+00
1.121342676469079036e+00
1.125593910026048139e+00
1.110934776190466655e+00
1.080926350967398974e+00
1.077783898046257738e+00
1.097645189267301813e+00
1.068003764477507334e+00
1.069961873571213529e+00
1.101199005168335132e+00
1.091579860879248853e+00
1.110267101054859262e+00
1.124441215265956640e+00
1.152587504398530083e+00
1.186441325202349795e+00
1.186245363789601992e+00
1.152783246979113496e+00
1.172253579031667270e+00
1.235578155148850277e+00
1.240977610151532184e+00
1.242784471257686985e+00
1.209926881796722364e+00
1.202773096280478127e+00
1.193165782394271845e+00
1.231159213809888797e+00
1.269167332667350045e+00
1.258907731698190480e+00
1.278345148603645454e+00
1.274177503960585156e+00
1.255153355910483937e+00
1.254854984553322339e+00
1.248102459434421663e+00
1.234691906722816368e+00
1.246716903138741062e+00
1.263546826740709728e+00
1.264294936800304470e+00
1.302747650680473379e+00
1.310486468669620264e+00
1.343156766740214225e+00
1.354021723810054478e+00
1.396379346742531169e+00
1.370313920306971633e+00
1.353177163004609440e+00
1.357053415119824802e+00
1.360489394323820100e+00
1.366612934482725583e+00
1.346107373129937557e+00
1.353975235144944556e+00
1.383211478122141624e+00
1.399049532954861785e+00
1.401390470434609181e+00
1.404329425569825318e+00
1.371520081793918600e+00
1.366469376974473127e+00
1.366469376974472905e+00
1.366469376974472683e+00
1.350289943397718906e+00
1.379399453409373644e+00
1.375359882002457512e+00
1.359011345471793364e+00
1.375088159925469400e+00
1.347294660460759852e+00
1.345620489370862316e+00
1.342164911323277421e+00
1.358678880286765978e+00
1.370730545950743506e+00
1.397046329430980727e+00
1.419844961809444861e+00
1.425499818061092272e+00
1.422068871127144307e+00
1.428364234968098945e+00
1.443113359450059807e+00
1.473193833677452602e+00
1.462477305786149984e+00
1.451706535005751419e+00
1.455217960692737567e+00
1.454435219778455135e+00
1.454435219778455357e+00
1.464491269727647094e+00
1.465165847171789659e+00
1.465165847171789437e+00
1.423777868046569139e+00
1.415944388732244930e+00
1.409127014734208760e+00
1.400605920013458849e+00
1.376109063141251143e+00
1.379888106155702898e+00
1.403905882225037871e+00
1.387609773855409845e+00
1.379894482259470534e+00
1.389759505258165939e+00
1.393090285457028177e+00
1.399175456729707223e+00
1.381148607313196441e+00
1.390474906887803286e+00
1.394233482765417476e+00
1.390790555051210520e+00
1.403681787089076982e+00
1.419865563979440415e+00
