1.000000000000000000e+00
9.999999999999997780e-01
9.720745030562278899e-01
1.010138351558015790e+00
1.012701073748414338e+00
9.926992747723256683e-01
1.036822168013340928e+00
1.009957390158928048e+00
9.993875425527617429e-01
9.868469908361104936e-01
9.990877350736044882e-01
1.032666941467438537e+00
1.028647980214349111e+00
1.034907969294979191e+00
1.169308882875921718e+00
1.147432098655975397e+00
1.145129279264408551e+00
1.183125799225385189e+00
1.256127178326538418e+00
1.293383054557481593e+00
1.510373360713299862e+00
1.732398244738154069e+00
1.709046259021241854e+00
1.528902369205039191e+00
1.570393621425032249e+00
1.560511831715006847e+00
1.524946267223298735e+00
1.540515221395775569e+00
1.538952230716369218e+00
1.650524330978320853e+00
1.708426509291273598e+00
1.811683075688037770e+00
1.805387106445239809e+00
1.772927644833814043e+00
1.768861127004284439e+00
1.784618865495991580e+00
1.840437827591777653e+00
1.799140802342097833e+00
1.841231959476114843e+00
1.823760145488429796e+00
1.833970934019780730e+00
1.921670264718226218e+00
2.022483277310314520e+00
2.007236864912137708e+00
1.997426983606312101e+00
1.991712105908096886e+00
1.989086351290002996e+00
2.076599786606065923e+00
2.031564434541155872e+00
2.026178382466477412e+00
2.038602496366062944e+00
2.005273241697824282e+00
2.011778251247891003e+00
2.096994195740243150e+00
2.113355678635111090e+00
2.179619606373902396e+00
2.107130691750012108e+00
2.017185841767465515e+00
1.912011691937530511e+00
1.932396131545319973e+00
1.968129100881512272e+00
1.997970640118817531e+00
2.069999855883252415e+00
2.067369985936482024e+00
2.089285568826272588e+00
2.056412194491597401e+00
2.182061536393042456e+00
2.253798544385615887e+00
2.249999843351392137e+00
2.268993348522549969e+00
2.264610231944613083e+00
2.291055035298299014e+00
2.196233613328494538e+00
2.217856988446426758e+00
2.335908928279417207e+00
2.234951143100474269e+00
2.266217374689912578e+00
2.251753089982661660e+00
2.265486855260268051e+00
2.338392694340301059e+00
2.268993348522653886e+00
2.279220620537894870e+00
2.277759581678581835e+00
2.369074510386034671e+00
2.375503081367046576e+00
2.390697885503973108e+00
2.416558273313928584e+00
2.589106962599527773e+00
2.620227090303031581e+00
2.666103710485659750e+00
2.738863445679768027e+00
2.722645914341341733e+00
2.607954363884795956e+00
2.591882936432295281e+00
2.496184891146889573e+00
2.433360220196170154e+00
2.468279048933908371e+00
2.457029049717154301e+00
2.501882942698259171e+00
2.542207615215477556e+00
2.487272554105082190e+00
2.432337492994689931e+00
2.424301779268439816e+00
2.417581000515576228e+00
2.445048531070782794e+00
2.455129699200092830e+00
2.442126453352156723e+00
2.545275796820110514e+00
2.575811508979899411e+00
2.534843653050323109e+00
2.581087252024414802e+00
2.597944964745897423e+00
2.644946553604938355e+00
2.661232818437556435e+00
2.729235117212326589e+00
2.824524052680355002e+00
2.743092728517494638e+00
2.591944761913100859e+00
2.613659781689938288e+00
2.539800142054359888e+00
2.336364693618916633e+00
2.242932963789725953e+00
2.211646191874448331e+00
2.266505189205362925e+00
2.332507420369117845e+00
2.279590781571559699e+00
2.352370187123681955e+00
2.424750808265961233e+00
2.330253886219128212e+00
2.280374573084865464e+00
2.211179679997914871e+00
2.131331524886892481e+00
2.114876544513319079e+00
2.189400765605705068e+00
2.196599920355393643e+00
2.293997615735358320e+00
2.287776605252018758e+00
2.204376183459620275e+00
2.251228168662375406e+00
2.585607482142474378e+00
2.566166824382015044e+00
2.567138857270046870e+00
2.552757126977224456e+00
2.484937398831632116e+00
2.515956817110290178e+00
2.642431445273706991e+00
2.714199099382053504e+00
2.606054127474219495e+00
2.754524343144317822e+00
2.739497414384715057e+00
2.725494980662462652e+00
2.699678381294498664e+00
2.683837899959393702e+00
2.722768072820617391e+00
2.751491565610894252e+00
2.878925315751349689e+00
2.981280689398469352e+00
2.784735049868034107e+00
2.759515412351225550e+00
2.780157336699648152e+00
2.835731545965231248e+00
2.896213662163218405e+00
2.827242843102998116e+00
2.808738477013676516e+00
2.937287747497885793e+00
3.053360589330956554e+00
2.872382281593665709e+00
2.855419946011787058e+00
2.896494031346444675e+00
2.977003661408018420e+00
2.946557929739127335e+00
2.955245001015561979e+00
3.003742497235004194e+00
2.932567782834612835e+00
2.913703311716978828e+00
2.884746964435726646e+00
2.948227124076222339e+00
2.906478731045682995e+00
2.831292508534340779e+00
2.743223110446757040e+00
2.642959500271758522e+00
2.512000538846575370e+00
2.385083447751378483e+00
2.445076035001945147e+00
2.394031921900106941e+00
2.478979408889354641e+00
2.407013511158115460e+00
2.431338236660975927e+00
2.539861354337268118e+00
2.520883078574171154e+00
2.582054531500747263e+00
2.561010787069031291e+00
2.604647508651408483e+00
2.535384568210098166e+00
2.583592110999372249e+00
2.625720230040585523e+00
2.656763056656218591e+00
2.534595551093531185e+00
2.519894896897200809e+00
2.592015657269358453e+00
2.623006280532642176e+00
2.525344963396762399e+00
2.543969860063273192e+00
2.737024077433389824e+00
2.649272160446981772e+00
2.724846260382228547e+00
2.870502503543362671e+00
2.853429681599081391e+00
2.915632060850687157e+00
2.933063053884733318e+00
2.948464410743590225e+00
2.984759081170638595e+00
3.038126573541991338e+00
3.084569424845017060e+00
3.032515226469412184e+00
2.917781087389220929e+00
2.969357724311867841e+00
2.945837822752247703e+00
3.040514380806987216e+00
2.922198530829409169e+00
2.820597331706370170e+00
2.801017312133894599e+00
2.871935187902519893e+00
3.045886947153162883e+00
3.053408540037723107e+00
3.044812433883960168e+00
3.072869169246972731e+00
3.090180771917772073e+00
3.205034301361233240e+00
3.207422108626178936e+00
3.189871725228901500e+00
3.196199414480994427e+00
3.129340811062775618e+00
3.212197723156087648e+00
3.187722698690496070e+00
3.203959788092071825e+00
3.293383170163958873e+00
3.254581302108747742e+00
3.181753180528187119e+00
3.294935244886193271e+00
3.181753180528206215e+00
3.211839552066424019e+00
3.144861558284956615e+00
3.147965707729383222e+00
3.131012276148342988e+00
2.984639690807724399e+00
3.039678648264522831e+00
2.985594813713711826e+00
3.013651549076725722e+00
2.889246790573523072e+00
2.911580725973157868e+00
2.930015751907512289e+00
2.869442293221122320e+00
2.869387217553315494e+00
2.745192964709605832e+00
2.786407100108048596e+00
2.854323049550902880e+00
2.912499625560782235e+00
2.983571762312122733e+00
2.913947048052858868e+00
2.849769128791180606e+00
2.837304126099941648e+00
2.811370396078584299e+00
2.789930134130231387e+00
2.895975980653250570e+00
2.844878829423044042e+00
2.992392967019831040e+00
2.932052110039435444e+00
2.959269688081668459e+00
2.866575860975602463e+00
2.889428355746912924e+00
2.850142606308617044e+00
2.793139754182450307e+00
2.810600087266153846e+00
2.827931347577239407e+00
2.710421190609958675e+00
2.749798070418561391e+00
2.702098632416999102e+00
2.590551509173754763e+00
2.574048357211157878e+00
2.543750287126863352e+00
2.572903956015968774e+00
2.635083474427436290e+00
2.686758880019881612e+00
2.665509180523933264e+00
2.642810637880534053e+00
2.640154425443544284e+00
2.619146199805502562e+00
2.724187327995743146e+00
2.689052881670049189e+00
2.734087756170006767e+00
2.742539341196813307e+00
2.864966587156479338e+00
2.623613466176850206e+00
2.630341276994391464e+00
