1.000000000000000000e+00
9.999999999999997780e-01
9.720745030562278899e-01
1.010138351558015790e+00
1.012701073748414338e+00
9.926992747723256683e-01
1.036822168013340928e+00
1.009957390158928048e+00
9.993875425527617429e-01
9.868469908361104936e-01
9.990877350736044882e-01
9.863224964126379168e-01
9.860863635737422417e-01
9.825197275022621302e-01
1.001232111068379504e+00
1.005453561878123736e+00
9.649775090036754044e-01
1.002330448700636367e+00
9.814684434092255660e-01
1.003715102280331894e+00
1.017342376589431829e+00
1.035844044833011512e+00
1.037218072875202068e+00
9.987317463126439421e-01
9.758532249755309529e-01
9.791482174463493893e-01
9.613613512001618622e-01
9.886802625511019738e-01
9.783403171321385372e-01
9.939997166548067975e-01
1.030242233814062436e+00
1.092509633109279843e+00
1.090973823380482433e+00
1.071358959170659153e+00
1.068901611110227412e+00
1.078423823908100099e+00
1.109294176894914274e+00
1.082307268503786446e+00
1.108526272030537330e+00
1.089021121014283056e+00
1.100079143541010884e+00
1.149686830170352225e+00
1.182707439264376603e+00
1.165045277420825531e+00
1.153654071339761611e+00
1.155398110188585514e+00
1.151871943527279729e+00
1.150943119125318770e+00
1.175050402407966654e+00
1.207841033309570156e+00
1.248514953440264419e+00
1.230391297845536025e+00
1.272931386832024447e+00
1.294893725460074529e+00
1.321512694350012396e+00
1.450454659762550724e+00
1.434659445837843439e+00
1.418234954133397840e+00
1.399545037114106716e+00
1.400426000697891693e+00
1.394888280313381967e+00
1.437805834736521682e+00
1.489640443623192034e+00
1.487747902122263932e+00
1.503519081296711857e+00
1.479862312535058066e+00
1.570283739801857870e+00
1.621908066299531548e+00
1.619174395242631181e+00
1.632842750527156550e+00
1.629688514692272161e+00
1.648719070896123240e+00
1.580482435668055130e+00
1.596043332453521257e+00
1.680997417606519440e+00
1.608344852209611986e+00
1.630845067831822925e+00
1.620436089576696270e+00
1.630319361859366989e+00
1.682784817913021147e+00
1.632842750527291109e+00
1.640202634142037263e+00
1.639151222197089863e+00
1.704864468757286922e+00
1.709490681315133154e+00
1.720425365542771701e+00
1.739035356968624546e+00
1.863207107668755969e+00
1.885602182096472346e+00
1.918616517168373781e+00
1.970976832027542036e+00
1.959306159438631401e+00
1.876770321759129168e+00
1.865204790364548781e+00
1.796337307969485320e+00
1.751126594336086306e+00
1.776255339820777435e+00
1.768159467844568455e+00
1.800437814554971760e+00
1.829456784235989009e+00
1.789923695105380963e+00
1.750390605974837532e+00
1.744607840277549560e+00
1.739771345330725083e+00
1.759537889896040097e+00
1.766792632316293465e+00
1.757435066006126867e+00
1.831664749320538021e+00
1.853639258970289472e+00
1.823478727437308766e+00
1.885029391010009103e+00
1.897340979438598918e+00
1.931667357345425939e+00
1.943561603793432679e+00
1.993225299488398328e+00
2.062817074758580116e+00
2.003345842518869713e+00
1.892958888642311654e+00
1.908817883906272383e+00
1.854876432909864148e+00
1.706302687805602680e+00
1.638067273972660720e+00
1.613777583812729066e+00
1.653806689954742337e+00
1.701966708281870133e+00
1.707002807220272533e+00
1.792676353451236881e+00
1.842952821678209840e+00
1.710366668127890621e+00
1.745138871895014931e+00
1.750824194666240174e+00
1.744680904216146189e+00
1.720107936467360377e+00
1.682511379253987416e+00
1.632685168291193367e+00
1.596053029487348507e+00
1.631399693127888240e+00
1.580947785006571626e+00
1.530623068652448460e+00
1.517242169226062032e+00
1.500488395451962109e+00
1.532138712800608316e+00
1.523555302644871157e+00
1.483078633184937045e+00
1.501591870775766058e+00
1.577075389498361346e+00
1.619908289197140583e+00
1.555364410869136460e+00
1.643975498065223251e+00
1.622456469917087141e+00
1.614163584124253203e+00
1.601496043296474436e+00
1.584140493641616576e+00
1.609581605865643583e+00
1.625433683692154796e+00
1.701348149032633428e+00
1.743588828820940906e+00
1.628639980610425697e+00
1.604884255589969166e+00
1.616889225463930657e+00
1.650889090019376004e+00
1.683565507507786885e+00
1.647344050029106333e+00
1.671007248572524473e+00
1.687725606744890028e+00
1.773893589034931884e+00
1.663912042303775429e+00
1.676050195498085982e+00
1.673097689709402758e+00
1.693109302434746333e+00
1.682956253272058778e+00
1.683365696723011284e+00
1.750847883499167201e+00
1.734141163955950971e+00
1.761494242726585613e+00
1.744869478233739946e+00
1.816937663920975776e+00
1.732994622753081693e+00
1.802442071733064033e+00
1.776317323315105279e+00
1.720218759419254395e+00
1.736188547111478853e+00
1.648468820708335336e+00
1.689933160100494991e+00
1.654653627634484536e+00
1.713365738454475151e+00
1.663625953175237537e+00
1.680438174819540498e+00
1.738645352205977046e+00
1.730408473144315007e+00
1.762106030296572312e+00
1.738886467135666525e+00
1.768515121967185966e+00
1.724233836383171514e+00
1.752862789673392152e+00
1.799439626024114780e+00
1.794515031537229799e+00
1.714633341278270606e+00
1.717007665790349025e+00
1.782913048994571481e+00
1.814629838154868224e+00
1.747066469579061643e+00
1.759951415175444733e+00
1.893508832030098787e+00
1.832800915278005816e+00
1.885084059909443166e+00
1.985850942137444397e+00
1.974039742007470011e+00
2.017072156467144328e+00
2.029131144012473520e+00
2.039786002871114334e+00
2.064895127623037840e+00
2.103479600597461197e+00
2.104777984738979590e+00
2.069258430576369268e+00
1.990968771057363806e+00
2.025784614379392945e+00
2.009738634361234233e+00
2.074329812810170814e+00
1.993611202667852744e+00
1.924295827056248021e+00
1.910937752320301719e+00
1.959320047400583631e+00
2.077995138195128710e+00
2.083126593733959364e+00
2.077262073118174790e+00
2.096403216794725299e+00
2.108213709701532768e+00
2.186570221262519986e+00
2.188199254766911572e+00
2.176225858509690525e+00
2.180542797296324053e+00
2.134929859173510636e+00
2.191457321775722722e+00
2.174759728355767585e+00
2.185837156185599817e+00
2.246844460924873221e+00
2.220372666478603207e+00
2.170687144594824147e+00
2.247903332702745782e+00
2.170687144594841467e+00
2.191212966750116120e+00
2.145518576952082146e+00
2.147636320507792629e+00
2.136070182626654379e+00
2.036210428807775585e+00
2.073759651083884936e+00
2.036862042209534707e+00
2.056003185886093654e+00
1.971130540307566292e+00
2.006806374053638820e+00
2.022119288994888020e+00
1.967147847168929653e+00
1.983721540926701499e+00
1.905102368585020356e+00
1.911268300149276733e+00
1.931649010582476622e+00
1.946362270041371634e+00
1.895349298716806352e+00
1.851119374365241654e+00
1.809834135560289159e+00
1.766168521851196882e+00
1.750025262058721109e+00
1.736679101735235653e+00
1.802690649203525508e+00
1.770883632384672168e+00
1.862708412095404276e+00
1.825147362083195057e+00
1.842089793152543509e+00
1.784389626963562181e+00
1.798614875691616488e+00
1.779622631716298198e+00
1.814473574920749011e+00
1.894556593347989315e+00
1.909386781945640488e+00
1.830045272948293666e+00
1.815215084350665808e+00
1.810024518341547095e+00
1.815215084350725316e+00
1.802609424042741937e+00
1.772207537417600953e+00
1.733649047063755777e+00
1.705471688728250168e+00
1.726836752128984465e+00
1.716250765694145031e+00
1.685632191606198038e+00
1.683938011505914600e+00
1.671427139028945241e+00
1.709235079280595482e+00
1.687190696526952527e+00
1.715446898475799786e+00
1.720749670959513367e+00
1.797564118080491102e+00
1.646132086724650057e+00
1.661956259320637841e+00
