1.000000000000000000e+00
9.999999999999997780e-01
9.720745030562278899e-01
1.010138351558015790e+00
1.012701073748414338e+00
9.926992747723256683e-01
1.036822168013340928e+00
1.009957390158928048e+00
9.993875425527617429e-01
9.868469908361104936e-01
9.990877350736044882e-01
9.863224964126379168e-01
9.860863635737422417e-01
9.825197275022621302e-01
1.001232111068379504e+00
1.005453561878123736e+00
9.649775090036754044e-01
1.002330448700636367e+00
9.814684434092255660e-01
1.003715102280331894e+00
1.017342376589431829e+00
9.701583258275562338e-01
9.974343165977582748e-01
9.859334327628309635e-01
1.006860144475177687e+00
9.909957758507438319e-01
9.977339833261699154e-01
9.865758292499540172e-01
1.021138560770514125e+00
1.028008325575352933e+00
1.007973875117817775e+00
1.073413063477466789e+00
1.009475620975174515e+00
1.039558417663319467e+00
1.034038638454489956e+00
1.083716651333985315e+00
1.068997240110441727e+00
1.022999080036858910e+00
1.062005519779286145e+00
1.073689052437989178e+00
1.103955841766423474e+00
1.136338546458241616e+00
1.195952161913635736e+00
1.186936522539211669e+00
1.185830209101357502e+00
1.182437406925619827e+00
1.180878551871907600e+00
1.232833429898404498e+00
1.206096892646033147e+00
1.223374645016194862e+00
1.230876129615516401e+00
1.212065783194827828e+00
1.228190499565750438e+00
1.280214828475849886e+00
1.290203512784482198e+00
1.330657636623562068e+00
1.330055264008341176e+00
1.278098621863431372e+00
1.231852110537770884e+00
1.240202487284930211e+00
1.248216171805007324e+00
1.273760369228483791e+00
1.359587893072919051e+00
1.361119811553596293e+00
1.297382694631976641e+00
1.225572965665149061e+00
1.295409028044363309e+00
1.316986389276239233e+00
1.318378420020547281e+00
1.336398092324327047e+00
1.301828068820803930e+00
1.307353569193479670e+00
1.253170299280259359e+00
1.265508591210421585e+00
1.332868995801868017e+00
1.275262511182222669e+00
1.293103014378491844e+00
1.284849697479336417e+00
1.292686180191729983e+00
1.334286232037121156e+00
1.294686984288448750e+00
1.300522662904072924e+00
1.299688994530495023e+00
1.351793267884034311e+00
1.355461408728136252e+00
1.364131559814351302e+00
1.378887490028125162e+00
1.477343724957025595e+00
1.495100861315996621e+00
1.521278048248902559e+00
1.562794733256978263e+00
1.553541014309703261e+00
1.488098046977646582e+00
1.478927694867488096e+00
1.424322416393026591e+00
1.388474676325953006e+00
1.408399350456521093e+00
1.401980103979444614e+00
1.427573723050748367e+00
1.450582970163712071e+00
1.419237039314290794e+00
1.387891108464871959e+00
1.383305932409764072e+00
1.379471057890948593e+00
1.395144023315711523e+00
1.400896335093950507e+00
1.393476686568407397e+00
1.452333673748631204e+00
1.469757342758079899e+00
1.445940094177171398e+00
1.491781039612792847e+00
1.501524226786896232e+00
1.528689553738406426e+00
1.538102463381193719e+00
1.577405489608926459e+00
1.632479267957438474e+00
1.585414719743807987e+00
1.498056312708347271e+00
1.510606858898720928e+00
1.467918487974988695e+00
1.350339686823260665e+00
1.296339310451614546e+00
1.278256615611565117e+00
1.309765234108996701e+00
1.348606077823220284e+00
1.351543962526589260e+00
1.452475234449910113e+00
1.499754279987953076e+00
1.426855878395405730e+00
1.450867479672621752e+00
1.420887205215538129e+00
1.327948506230419712e+00
1.352253873706521947e+00
1.507865509728355979e+00
1.451470523219748010e+00
1.443852009893966670e+00
1.484922247705224407e+00
1.448493206828374458e+00
1.396691050309684545e+00
1.354757319127117388e+00
1.406027543240964350e+00
1.465426955165637146e+00
1.457217280346804422e+00
1.418503029485350453e+00
1.433443981849840565e+00
1.505501774481518895e+00
1.546390756030660230e+00
1.484778696720306490e+00
1.615858896358286056e+00
1.615772806267716355e+00
1.607514082783963794e+00
1.592287290092031071e+00
1.583512374606701245e+00
1.606481873052344911e+00
1.623429247659482488e+00
1.698617440021313651e+00
1.759008941602042020e+00
1.643043498094374000e+00
1.644592074099455958e+00
1.656894069234447153e+00
1.690014704717798910e+00
1.726060312029417343e+00
1.684955681171803166e+00
1.673927609478299772e+00
1.745916679219612355e+00
1.814910093546640901e+00
1.707337028454669392e+00
1.687486896894221378e+00
1.706766767703397525e+00
1.751042587444431753e+00
1.729978531410927278e+00
1.722296346269299283e+00
1.792509866381005290e+00
1.733034884639338413e+00
1.734686967465514096e+00
1.726096136769512457e+00
1.756990085618683750e+00
1.708654683243695072e+00
1.755062386127371310e+00
1.700469903193739585e+00
1.650291165556472484e+00
1.638678439289925626e+00
1.570580344091776492e+00
1.607004127864485987e+00
1.589820441686691455e+00
1.601491119415860087e+00
1.538020151950919567e+00
1.540420792504104908e+00
1.611952034624139607e+00
1.599907255023220731e+00
1.638745523940720927e+00
1.625389747920658934e+00
1.653084547275307514e+00
1.612353678453846584e+00
1.633749245662294403e+00
1.663667816477051309e+00
1.689512156529294318e+00
1.611822320672877673e+00
1.620931230924642863e+00
1.659054692592083713e+00
1.682107783583977278e+00
1.614708085823039596e+00
1.612577261945216112e+00
1.683627097705536535e+00
1.640038472214702781e+00
1.707420987778506261e+00
1.802995923473911688e+00
1.775536501675232692e+00
1.784734152335063717e+00
1.816859029538785641e+00
1.854667606573963345e+00
1.893849849237190686e+00
1.935030810784181821e+00
1.889806197329610749e+00
1.832893435419545192e+00
1.830992361239972110e+00
1.838321480249500262e+00
1.813200800270421187e+00
1.824071246387152456e+00
1.781145688336459809e+00
1.743095179374340331e+00
1.766537942524445626e+00
1.811264234577629972e+00
1.920971654647470217e+00
1.925715352289480542e+00
1.920293983555771744e+00
1.937988728728330612e+00
1.948906762983750429e+00
2.021342273009274049e+00
2.022848208768650125e+00
2.011779580937321121e+00
2.015770310699649404e+00
1.973604109437408161e+00
2.025860080287420484e+00
2.010424238753927728e+00
2.020664601917636638e+00
2.077061896105912187e+00
2.052590440016219375e+00
2.006659399355564144e+00
2.078040754349522068e+00
2.006659399355585016e+00
2.025634189923600559e+00
1.983392691873394176e+00
1.985350408360573526e+00
1.974658264469081104e+00
1.882344402419932061e+00
1.917056221673336669e+00
1.882946776723717575e+00
1.900641521896281771e+00
1.822182268833308472e+00
1.855162261963441805e+00
1.869318058101508306e+00
1.816911493675598788e+00
1.818492726222957767e+00
1.769455424696768642e+00
1.781269854469591740e+00
1.868199104616804940e+00
1.906270042126684938e+00
1.981504194933555674e+00
1.935263757509375404e+00
1.887375433731072638e+00
1.878315613689783392e+00
1.878050980086224619e+00
1.836086573586757531e+00
1.838037205607399027e+00
1.808344251516505352e+00
1.881059478505659133e+00
1.809969778200369195e+00
1.781902350793262313e+00
1.726092601315776243e+00
1.720816927690770770e+00
1.757836871885140706e+00
1.792261177292895136e+00
1.871363836527728308e+00
1.886012477126770781e+00
1.807642249921894484e+00
1.792993609322858450e+00
1.787866585113204287e+00
1.792993609322872661e+00
1.780542264813747888e+00
1.750512551585745813e+00
1.712426086028233208e+00
1.753810386089458273e+00
1.788203551965584337e+00
1.774060567866999172e+00
1.758953289398059505e+00
1.757185416385743437e+00
1.743203148015549209e+00
1.813114489866542112e+00
1.789730351385355522e+00
1.819703834730667991e+00
1.825328885224428932e+00
1.906811759519724037e+00
1.746176388990853479e+00
1.753251779887703865e+00
