1.000000000000000000e+00
1.000000000000000222e+00
9.848876092713503283e-01
9.972214540500530244e-01
9.941189911305302607e-01
9.973881717156337645e-01
1.031706287749630802e+00
1.009017253138850823e+00
1.009544150197940970e+00
1.003346577339243595e+00
1.022284069297221265e+00
1.004796884755811082e+00
1.002097450785737198e+00
9.685200814895233989e-01
1.012225364780739323e+00
1.007096169056767909e+00
9.853573893086067237e-01
1.022723951267348275e+00
1.007718564535628580e+00
1.009738235190166256e+00
9.959824830340620050e-01
1.007850173717441233e+00
1.036240119638595525e+00
1.028721572876418744e+00
1.041529917701712771e+00
1.051833360395528105e+00
1.157718291205127148e+00
1.122049469222318852e+00
1.136844632077572914e+00
1.158737625866948173e+00
1.124732699317182449e+00
1.124882631746406902e+00
1.231431866686445442e+00
1.175489000928015004e+00
1.193454588499375246e+00
1.134049095617017722e+00
1.078316850341909605e+00
1.155551755074966769e+00
1.108184307890737852e+00
1.125161771769884966e+00
1.119138659461273333e+00
1.129332881189138327e+00
1.172887756360578404e+00
1.181565760688511268e+00
1.191179886672411037e+00
1.188444051811837543e+00
1.163966516606645074e+00
1.158697887112621450e+00
1.141440228661359857e+00
1.205834105868418771e+00
1.194493156990837024e+00
1.204963046510115543e+00
1.293552392391688510e+00
1.329808590522557621e+00
1.323776446378463589e+00
1.410664418801184761e+00
1.444595135525862162e+00
1.419381398809303363e+00
1.425822252197642914e+00
1.517311832646295766e+00
1.577618973027266724e+00
1.559755120993660427e+00
1.755799214279930132e+00
1.673808763548145562e+00
1.576280049715530041e+00
1.434038910155756241e+00
1.473924244224999569e+00
1.214128336003109210e+00
1.325675051908686841e+00
1.343988671403353763e+00
1.348983314984107951e+00
1.518728187896779547e+00
1.627813766188736633e+00
1.598859413096547888e+00
1.532517689720944487e+00
1.600270880374818017e+00
1.626474645030721700e+00
1.535413191301495006e+00
1.376634664752318216e+00
1.403526104130342178e+00
1.474283260318658195e+00
1.524446734486041288e+00
1.516737620302951450e+00
1.552713412856322694e+00
1.622022873480604588e+00
1.502332789877213193e+00
1.540661101528825183e+00
1.498315426403002748e+00
1.539285752084951220e+00
1.541529807229467641e+00
1.570773655253767886e+00
1.600813752406383017e+00
1.616557703990774808e+00
1.669580341000547197e+00
1.624628769678116980e+00
1.591295101607939300e+00
1.559300444243284511e+00
1.527124976805263268e+00
1.529658526881964020e+00
1.541059281321672803e+00
1.522383710323019779e+00
1.520993885432495141e+00
1.536917469309928785e+00
1.469386890756025466e+00
1.486794278442469919e+00
1.405323440770643861e+00
1.445326011203593497e+00
1.526749501185589830e+00
1.516232675246197648e+00
1.579718534129104901e+00
1.557723149677933572e+00
1.528227996538408018e+00
1.493295079732094965e+00
1.539863351821042725e+00
1.509953481743341541e+00
1.505352735013798515e+00
1.530006085565176699e+00
1.575453888119921819e+00
1.673775115195238472e+00
1.716715632338722930e+00
1.683500178456630580e+00
1.794355820575058935e+00
1.909647199415702490e+00
1.973671149173082728e+00
2.014107372149566810e+00
1.951664975759114462e+00
2.010668920672804116e+00
1.955859995697333265e+00
2.040308355637582061e+00
2.059769898670562149e+00
2.206660655001398297e+00
2.234580864226903163e+00
2.078475083116358757e+00
2.156149794379042195e+00
2.097420984349247508e+00
2.200024468836458080e+00
2.177399399340360198e+00
2.141364494994658862e+00
2.255280409297820032e+00
2.389723778196695125e+00
2.234512028047807242e+00
2.201778112674322774e+00
2.221170819521249395e+00
2.275464102695932578e+00
2.282065870774027783e+00
2.289974267203461089e+00
2.388967419610658727e+00
2.426411996723169207e+00
2.509278803297236404e+00
2.527640024019312648e+00
2.599400489814264414e+00
2.805913877874249618e+00
