1.000000000000000000e+00
9.999999999999997780e-01
9.720745030562278899e-01
1.010138351558015790e+00
1.012701073748414338e+00
9.926992747723256683e-01
1.036822168013340928e+00
1.009957390158928048e+00
9.993875425527617429e-01
9.868469908361104936e-01
9.990877350736044882e-01
9.863224964126379168e-01
9.860863635737422417e-01
9.825197275022621302e-01
1.001232111068379504e+00
1.005453561878123736e+00
9.649775090036754044e-01
1.002330448700636367e+00
9.814684434092255660e-01
1.003715102280331894e+00
1.017342376589431829e+00
1.147000000000018005e+00
1.143000000000108596e+00
1.106998627683793535e+00
1.093879103401097952e+00
1.097572613159988775e+00
1.073442228141866517e+00
1.103946130794447367e+00
1.092400696774719959e+00
1.116489336570658075e+00
1.103864015113610320e+00
1.162638018059505285e+00
1.139216030794576673e+00
1.132343032313950726e+00
1.121891187515638100e+00
1.137423376842077616e+00
1.127053452798634448e+00
1.120284297018742325e+00
1.143477539168375134e+00
1.140157263827503042e+00
1.145881500917973916e+00
1.153155708579041372e+00
1.160587059634020202e+00
1.156147566445443697e+00
1.152760552448715226e+00
1.175908226562711878e+00
1.165722310870490608e+00
1.169922487275584677e+00
1.179587543075697686e+00
1.215016704058881292e+00
1.225575155644595293e+00
1.217814880811885825e+00
1.214057379532560432e+00
1.210775296660444145e+00
1.208311230750617637e+00
1.283665035037008240e+00
1.269686132835725401e+00
1.255150314306406889e+00
1.227290013461561191e+00
1.224765992888104948e+00
1.226618250592242276e+00
1.265106980375245493e+00
1.349889753040643958e+00
1.360423338447291464e+00
1.294876712340857550e+00
1.317454041468990145e+00
1.320646865024354355e+00
1.331786987940227318e+00
1.323692786851888847e+00
1.317234735696291903e+00
1.318256170445349928e+00
1.314346049607284961e+00
1.288479965284108575e+00
1.305180301210508320e+00
1.335334965700929688e+00
1.322025909176892666e+00
1.315335702403627183e+00
1.317175705827469567e+00
1.297189154576847026e+00
1.267803156491689398e+00
1.282639262855392648e+00
1.274683620026236364e+00
1.256123954947229837e+00
1.253529249669120160e+00
1.259468922249574963e+00
1.284729021212028588e+00
1.323902718497482089e+00
1.340932079295529489e+00
1.331847486839453198e+00
1.330626454123464253e+00
1.366940130918404606e+00
1.358846118620942844e+00
1.347442546314559175e+00
1.335770732598131394e+00
1.291787481934889570e+00
1.292749700630521303e+00
1.299751190215527874e+00
1.282591867617214554e+00
1.326488483726988354e+00
1.329795032702942414e+00
1.334067147656983421e+00
1.337782906961555218e+00
1.344858062433495816e+00
1.344892950173851132e+00
1.335274537355875868e+00
1.343217836055139225e+00
1.352674473257460042e+00
1.355509717059605101e+00
1.366301158852859077e+00
1.339081063945625205e+00
1.345162320716549065e+00
1.340710146640094136e+00
1.364966051960137206e+00
1.373370833742984631e+00
1.408464483993400407e+00
1.457639830038642614e+00
1.415615921126288201e+00
1.455300560331142412e+00
1.443006262604128676e+00
1.410801351428235151e+00
1.351076613261178672e+00
1.326027570838596903e+00
1.305111309834099398e+00
1.328940675993913301e+00
1.370951809857995585e+00
1.376093887128583493e+00
1.410083775907395198e+00
1.423057283208648105e+00
1.481269847778943216e+00
1.520675862366576370e+00
1.545056717837953286e+00
1.506787985803667018e+00
1.502661830432203915e+00
1.512712922140766691e+00
1.516448284920250744e+00
1.527933294247782348e+00
1.506697990724746639e+00
1.482506311951614641e+00
1.472617812794578152e+00
1.487238999742722889e+00
1.497947424015071638e+00
1.507720432555344381e+00
1.497627330594833772e+00
1.464624344843906689e+00
1.477973888007072745e+00
1.498932733715174992e+00
1.505539882553388775e+00
1.523408290724606040e+00
1.530266498386981144e+00
1.523639821718933529e+00
1.532065622102706248e+00
1.529509381309374971e+00
1.530714057223422353e+00
1.548686052996492979e+00
1.552275488559773153e+00
1.572586787950138953e+00
1.598574874506693888e+00
1.541027717861632729e+00
1.547439183322115497e+00
1.561439970534442390e+00
1.567155856362448585e+00
1.595104936075459889e+00
1.596340413978132977e+00
1.600517850686183019e+00
1.673769740739978751e+00
1.739912123471202943e+00
1.636784326248721166e+00
1.650618459366186119e+00
1.688189121400765380e+00
1.721241825741786302e+00
1.710327552014496932e+00
1.702537551432633078e+00
1.766014945773659361e+00
1.758189351494573449e+00
1.755683119487561283e+00
1.757898303557879238e+00
1.770963036766983967e+00
1.767479236444532864e+00
1.770771211949888846e+00
1.750721299808633225e+00
1.748226442320195861e+00
1.764032280866936420e+00
1.751611824850484611e+00
1.757902057457382483e+00
1.742016726785833303e+00
1.735451492875887070e+00
1.737798484577760982e+00
1.748022406918887217e+00
1.793627590986917930e+00
1.823091870251796420e+00
1.828668869952056353e+00
1.845315739990595505e+00
1.858106696202152630e+00
1.849946308572168796e+00
1.871304695075680202e+00
1.892824560114598986e+00
1.879533807961826009e+00
1.841296913148877001e+00
1.830458959944320840e+00
1.846081512593124252e+00
1.853170129502592189e+00
1.827404937187586231e+00
1.836692965530760002e+00
1.924947387723323855e+00
1.894514638991138478e+00
1.934524538101999092e+00
2.007822550372619475e+00
1.994038508526235542e+00
2.039942501482993720e+00
2.092082875999061731e+00
2.107894128406977874e+00
2.134976344634131884e+00
2.158281453076321466e+00
2.172664805065720905e+00
2.155543872437088559e+00
2.094639057353040901e+00
2.107506264246916228e+00
2.097942280288185746e+00
2.140068612477985077e+00
2.057108825184316814e+00
1.984086938492158447e+00
1.984889911342314628e+00
2.002794491372180463e+00
2.120372999781248602e+00
2.120688344458719232e+00
2.116065747074437287e+00
2.117318712762796373e+00
2.147858247279781363e+00
2.199784129279096945e+00
2.198981127048429407e+00
2.186960889684042009e+00
2.184128086679881342e+00
2.140892391866401567e+00
2.211651031084927777e+00
2.219144822548846374e+00
2.220484660184096626e+00
2.268844193080758131e+00
2.250981765110170674e+00
2.189770138734247418e+00
2.268683608963147691e+00
2.211764091987757030e+00
2.240585583050550778e+00
2.208253405471869879e+00
2.249882012422532274e+00
2.242088798798859806e+00
2.155646314735629065e+00
2.153730743715935869e+00
2.130584022693542856e+00
2.166401672311383475e+00
2.100972994765463842e+00
2.127915251123046581e+00
2.135673809708146464e+00
2.112269032287229287e+00
2.118579679618214140e+00
2.098025756844566381e+00
2.126673266927434192e+00
2.137182885715089853e+00
2.149849763338463227e+00
2.126161522702342932e+00
2.132601230146951909e+00
2.128223022638313200e+00
2.111010229339375321e+00
2.117837462815970184e+00
2.126148107957904543e+00
2.160940526291222685e+00
2.180057682200516211e+00
2.188058831733197707e+00
2.209311911544593166e+00
2.218176633269307363e+00
2.199480500702994945e+00
2.196423388765049722e+00
2.185502722535645148e+00
2.179111170801709907e+00
2.199007211560923825e+00
2.199459365071585015e+00
2.187402221407349856e+00
2.196664897923433113e+00
2.176716041954939396e+00
2.144451312080305705e+00
2.116689934947746821e+00
2.104470143244266289e+00
2.101449413717387582e+00
2.111589471753692049e+00
2.124992838975839682e+00
2.124776706217114342e+00
2.093895459529792724e+00
2.124523078660248032e+00
2.120921838204730570e+00
2.131684200627663728e+00
2.125148260020319757e+00
2.136092394825538587e+00
2.131178234618876566e+00
2.156739778232367399e+00
2.148539686770391199e+00
2.172707458526795143e+00
