1.000000000000000000e+00
9.999999999999997780e-01
9.720745030562278899e-01
1.010138351558015790e+00
1.012701073748414338e+00
9.926992747723256683e-01
1.036822168013340928e+00
1.009957390158928048e+00
9.993875425527617429e-01
9.868469908361104936e-01
9.990877350736044882e-01
9.863224964126379168e-01
9.860863635737422417e-01
9.825197275022621302e-01
1.001232111068379504e+00
1.005453561878123736e+00
9.649775090036754044e-01
1.002330448700636367e+00
9.814684434092255660e-01
1.003715102280331894e+00
1.017342376589431829e+00
9.701583258275562338e-01
9.974343165977582748e-01
9.859334327628309635e-01
1.006860144475177687e+00
9.909957758507438319e-01
9.977339833261699154e-01
9.865758292499540172e-01
1.021138560770514125e+00
1.028008325575352933e+00
1.007973875117817775e+00
1.022801605615781373e+00
1.007599166730213991e+00
9.816482624024608361e-01
1.007117953291117418e+00
1.041030077071380733e+00
1.009683065603813379e+00
1.024361223748912364e+00
1.002222641114089319e+00
1.012005961555823452e+00
9.964306683291562772e-01
9.816072832133961867e-01
9.745871828243178880e-01
1.020397068037550259e+00
1.017011169074247379e+00
1.028906187905000769e+00
9.968735367996645058e-01
9.899142550751901526e-01
9.894440442286256410e-01
9.994002721753123542e-01
1.025709734673851070e+00
9.983146067697018511e-01
9.952343615935174137e-01
1.048131708524553174e+00
1.041463346093010500e+00
1.116388766675235233e+00
1.078926056384596599e+00
1.088506317768637821e+00
1.062900503788273276e+00
1.075823550239716653e+00
1.077268362886754760e+00
1.097656274679781552e+00
1.137228087726773085e+00
1.135783275080064048e+00
1.147823380469695564e+00
1.129763222385679944e+00
1.198793159952471266e+00
1.238204438261042428e+00
1.236117486660432530e+00
1.246552244664940634e+00
1.244144223587086984e+00
1.258672617423958640e+00
1.206579094773168936e+00
1.218458665424954956e+00
1.283314699790099933e+00
1.227849947630364369e+00
1.245027164653066842e+00
1.237080695096050231e+00
1.244625827807021468e+00
1.284679245070360132e+00
1.246552244670257936e+00
1.252170960519522591e+00
1.251368286827253540e+00
1.301535392618151432e+00
1.305067156866135836e+00
1.313414963270573166e+00
1.327622287630959796e+00
1.422418050732269235e+00
1.439515000387618704e+00
1.464718954338324108e+00
1.504692104234804262e+00
1.495782426249266495e+00
1.432772541376727160e+00
1.423943130759711018e+00
1.371368003894235299e+00
1.336853035112626875e+00
1.356036936367136514e+00
1.349856348935611239e+00
1.374498431302245249e+00
1.396652225219909615e+00
1.366471694376835355e+00
1.336291163534297333e+00
1.331876458225331517e+00
1.328184159241862838e+00
1.343274424666456968e+00
1.348812873146617575e+00
1.341669077281956612e+00
1.398337839984516329e+00
1.415113720161968569e+00
1.391836183075529254e+00
1.450190560532278683e+00
1.459662110107479815e+00
1.486070074597391377e+00
1.495220554697913817e+00
1.533427822472513524e+00
1.586966157773909591e+00
1.541213757295536224e+00
1.456290880612660876e+00
1.468491520743066880e+00
1.426993290832788475e+00
1.312692556997932636e+00
1.260197697497382530e+00
1.242619143627955669e+00
1.273441813426637870e+00
1.310525338028574627e+00
1.306431702196670486e+00
1.408692330643692703e+00
1.452036710048735468e+00
1.395448214717190272e+00
1.420331099190586199e+00
1.330030308764623248e+00
1.263940080119313691e+00
1.280729603834602770e+00
1.430002416822017342e+00
1.385656345639898257e+00
1.367126023038553573e+00
1.408621275359660086e+00
1.382488769127041550e+00
1.374173880780876544e+00
1.332916196698986866e+00
1.383359852669745704e+00
1.441801639336432572e+00
1.433724319234578770e+00
1.395634211665050417e+00
1.413055882487211257e+00
1.484088785798668209e+00
1.524396196927988889e+00
1.463657917289517219e+00
1.547044368997603003e+00
1.521070241596903738e+00
1.521545378075123134e+00
1.520357536884583860e+00
1.499213963663624138e+00
1.532473517051802459e+00
1.546806800775396118e+00
1.619661060576741862e+00
1.646427082126655561e+00
1.574523095291081365e+00
1.545618959609827758e+00
1.568425510507930776e+00
1.607386701619197389e+00
1.636053269067916371e+00
1.597092077963156997e+00
1.586639075471230953e+00
1.659255767030634265e+00
1.724824600870244584e+00
1.622591068919944535e+00
1.613009149973748668e+00
1.636211647933811575e+00
1.678657173214721965e+00
1.658463872968173991e+00
1.651099257594140557e+00
1.718410258529660561e+00
1.661393881295901487e+00
1.662977669572027306e+00
1.654741970644922011e+00
1.684358811059734506e+00
1.653158182407146404e+00
1.698058579493346931e+00
1.645239241148627629e+00
1.598596677007821265e+00
1.578324187337382334e+00
1.498580448611217530e+00
1.536274609123615909e+00
1.504202896923785282e+00
1.557576561180228580e+00
1.512359406447829402e+00
1.527642963127489484e+00
1.565679331047998391e+00
1.579497459128463399e+00
1.598817541317007596e+00
1.556915298310066920e+00
1.637239174271605258e+00
1.598819752376904324e+00
1.622109788623558035e+00
1.681093461124813393e+00
1.669487783898146116e+00
1.602479984592435791e+00
1.624700071377652710e+00
1.701058315745410887e+00
1.730817521271051262e+00
1.666374702319061152e+00
1.678664530872951755e+00
1.804109906984570744e+00
1.746268215311755245e+00
1.796082896713626420e+00
1.892092235266947142e+00
1.880838681686830327e+00
1.921839391047617696e+00
1.933329033256297569e+00
1.943480840370605423e+00
1.967404478845118154e+00
2.002581670978894390e+00
2.033194484670088897e+00
1.998882950561907901e+00
1.923255922394182305e+00
1.956153360757132198e+00
1.940658920967514245e+00
2.003029940028752787e+00
1.925085829196691689e+00
1.858152995374835692e+00
1.845254070879893904e+00
1.891973346193376315e+00
2.006569279044001508e+00
2.011524353698218359e+00
2.005861411236853353e+00
2.024344626217559284e+00
2.035749163166266751e+00
2.111412366618795833e+00
2.112985406191984605e+00
2.101423565405338145e+00
2.105592120278505952e+00
2.061547012248360566e+00
2.116131485473802254e+00
2.100007829873949738e+00
2.110704498969966814e+00
2.169614830973936481e+00
2.144052938074913595e+00
2.096075231105927195e+00
2.170637306867217120e+00
2.096075231160929864e+00
2.115895529781183448e+00
2.071771769757985382e+00
2.073816721204665647e+00
2.063227073121670418e+00
1.969432671507374000e+00
1.998050458746039260e+00
1.963916625461845644e+00
1.984539666967938043e+00
1.906766117713912800e+00
1.937293748927828352e+00
1.950472280851536233e+00
1.898079523446058348e+00
1.901682517680166606e+00
1.855064013477994322e+00
1.865769235311592888e+00
1.886068534886585990e+00
1.901107578290410327e+00
1.824326954172658111e+00
1.814772592611490820e+00
1.822920972252290328e+00
1.737753045689066633e+00
1.721991885812953482e+00
1.713114621920855507e+00
1.769681293318534854e+00
1.742093833393943525e+00
1.817942534419561662e+00
1.793722743304337452e+00
1.812620456429529403e+00
1.756842146819467709e+00
1.764476626542002213e+00
1.745950321361955604e+00
1.711401641580975408e+00
1.722561350474860253e+00
1.728047711465153569e+00
1.719332127120136500e+00
1.751348709829279038e+00
1.717827976779494170e+00
1.647162406920015920e+00
1.637121031571449503e+00
1.623275501735483406e+00
1.656272786313805812e+00
1.696956768236662638e+00
1.727847042398314548e+00
1.720221885243897741e+00
1.696962186349508794e+00
1.696148420842099602e+00
1.683795651929827608e+00
1.748909555885677536e+00
1.723262961478916333e+00
1.753643178305514638e+00
1.752448392488623385e+00
1.823006474006694688e+00
1.672560813367484300e+00
1.686877638758182529e+00
