1.000000000000000000e+00
9.999999999999997780e-01
9.720745030562278899e-01
1.010138351558015790e+00
1.012701073748414338e+00
9.926992747723256683e-01
1.036822168013340928e+00
1.009957390158928048e+00
9.993875425527617429e-01
9.868469908361104936e-01
9.990877350736044882e-01
9.863224964126379168e-01
9.860863635737422417e-01
9.825197275022621302e-01
1.001232111068379504e+00
1.005453561878123736e+00
9.649775090036754044e-01
1.002330448700636367e+00
9.814684434092255660e-01
1.003715102280331894e+00
1.017342376589431829e+00
9.701583258275562338e-01
9.974343165977582748e-01
9.859334327628309635e-01
1.006860144475177687e+00
9.909957758507438319e-01
9.977339833261699154e-01
9.865758292499540172e-01
1.021138560770514125e+00
1.028008325575352933e+00
1.007973875117817775e+00
1.022801605615781373e+00
1.007599166730213991e+00
9.816482624024608361e-01
1.007117953291117418e+00
1.041030077071380733e+00
1.009683065603813379e+00
1.024361223748912364e+00
1.002222641114089319e+00
1.012005961555823452e+00
9.964306683291562772e-01
9.816072832133961867e-01
9.745871828243178880e-01
1.020397068037550259e+00
1.017011169074247379e+00
1.028906187905000769e+00
9.968735367996645058e-01
9.899142550751901526e-01
9.894440442286256410e-01
9.994002721753123542e-01
1.025709734673851070e+00
1.001555052037555571e+00
1.008112756016561917e+00
1.017772942478060161e+00
1.013698534624359660e+00
1.014270684927568444e+00
1.060249956911804459e+00
1.059977459448697479e+00
1.050031698215391884e+00
1.030412601178819054e+00
1.015425744922384466e+00
1.059353568158454939e+00
1.081992465087832755e+00
1.133753807291036031e+00
1.071647285601319055e+00
1.125250973561529255e+00
1.036431184255603322e+00
1.098289734750856672e+00
1.101903394693078742e+00
1.117279455952209899e+00
1.115614333957401616e+00
1.156747080717212439e+00
1.158518465937000252e+00
1.168119731825190577e+00
1.192034000539559324e+00
1.229269600372179472e+00
1.233202192051106927e+00
1.263281077375881578e+00
1.220589542883675493e+00
1.226329035570439707e+00
1.218392962722757655e+00
1.248731677700397835e+00
1.185141477307354752e+00
1.155498630074313082e+00
1.145932777525124235e+00
1.117097071508164952e+00
1.056147971463809343e+00
1.086182430158970202e+00
1.144239010163598635e+00
1.088934078070663780e+00
1.100249362291042088e+00
1.144239010166427484e+00
1.161911201676309346e+00
1.139662026163655639e+00
1.189500012612957791e+00
1.210986267835467922e+00
1.227514146126955419e+00
1.228658459346436915e+00
1.215563117405085602e+00
1.211367660764965271e+00
1.233235308916660111e+00
1.270105129212067752e+00
1.302016841449235462e+00
1.312187812451719227e+00
1.325664412887281651e+00
1.315874834813684835e+00
1.344226431605721972e+00
1.332784106034451854e+00
1.309518061961239876e+00
1.286251883463068291e+00
1.294642796753369574e+00
1.294261538267571732e+00
1.325155978642287069e+00
1.303542547644191973e+00
1.296400286017302284e+00
1.260963129392621340e+00
1.290223945613209411e+00
1.294917119029411756e+00
1.306459734399307848e+00
1.312167401518203436e+00
1.265870731889251033e+00
1.307371838385711360e+00
1.313674394109106469e+00
1.353467731513465555e+00
1.294593865939125399e+00
1.276784407726445414e+00
1.349747507017339476e+00
1.342476734359293378e+00
1.329217548909998659e+00
1.294096618022339440e+00
1.348074116246967602e+00
1.389670470389192225e+00
1.388046759268881658e+00
1.371308124204897450e+00
1.392418614405314559e+00
1.414028779126532243e+00
1.435139401386481772e+00
1.408532491185469970e+00
1.402911383666793466e+00
1.396166107478948204e+00
1.443633340369992801e+00
1.401537311681882114e+00
1.402161937888179777e+00
1.406533925079121561e+00
1.411655490135556468e+00
1.530698625465833684e+00
1.530198950918100209e+00
1.588908795090730575e+00
1.560178499206639202e+00
1.586410422349596949e+00
1.641247689719629088e+00
1.736307371318205117e+00
1.736307371320019000e+00
1.736307371321100801e+00
1.805884707650385002e+00
1.836238714669880645e+00
1.747174995556187493e+00
1.750047959103475881e+00
1.678721827899705143e+00
1.778028677125296442e+00
1.794142685991953812e+00
1.814004055838054130e+00
1.792768614007151040e+00
1.790020602118927995e+00
1.854101518414746907e+00
1.826245619970284562e+00
1.811255911872892366e+00
1.909938134892779971e+00
1.877585429686831286e+00
1.862970444473559972e+00
1.842734351741942778e+00
1.808382948340417906e+00
1.816502296517066961e+00
1.872963539190787063e+00
1.931298528397556558e+00
1.980764591570448818e+00
1.806634021417636626e+00
1.816627248212460355e+00
1.747799489750867963e+00
1.692587499492011371e+00
1.632378763748528305e+00
1.681844826919007163e+00
1.736682226379948402e+00
1.803011480020139334e+00
1.767536040030158961e+00
1.767536040029984656e+00
1.890826342975802543e+00
1.876835851882104000e+00
1.812629983927833477e+00
1.833115979982672394e+00
1.848730182212356743e+00
1.880583344964961601e+00
1.890576439682566390e+00
1.991507132134867186e+00
2.055463228859847113e+00
2.093187402454655288e+00
2.043721339327431163e+00
2.134783624578399763e+00
2.061084336460978328e+00
2.045220230928629590e+00
1.874712334226154242e+00
1.888702693224483919e+00
1.798764444594582956e+00
1.767411088479884151e+00
1.557055500438884854e+00
1.596403385159460564e+00
1.639249123808510067e+00
1.655987494710775332e+00
1.561427619726309945e+00
1.761290306464387223e+00
1.496971848993619458e+00
1.511461882566736525e+00
1.537693805722242013e+00
1.202424203459734997e+00
1.240023293352617406e+00
1.008057672556989637e+00
9.458503046877878573e-01
8.449993823567373274e-01
7.570590675341798415e-01
7.796657776164597209e-01
8.019240073091382648e-01
9.144371790287945112e-01
1.047215927221996967e+00
1.122468275665822635e+00
9.616684827345912678e-01
9.716073651447114656e-01
9.256625487962449883e-01
8.608165008770354287e-01
9.532184218386743346e-01
9.942433982225095113e-01
1.037706313649940704e+00
1.096407105330376330e+00
1.057792356817711665e+00
1.143480932246970116e+00
1.368309396359110641e+00
1.285622769632535523e+00
4.590429288374113348e+00
4.653938665677228137e+00
4.593712299005189514e+00
4.469240415549405654e+00
4.514778526766217936e+00
4.664289919741927193e+00
4.673550213876794146e+00
4.745699362740815275e+00
4.892489465507742885e+00
4.845654511130410569e+00
4.729975605375697612e+00
4.769988308260027843e+00
4.788554006803275698e+00
4.812023769582415511e+00
4.882034820448087231e+00
4.759815979100348038e+00
