1.000000000000000000e+00
9.999999999999997780e-01
9.720745030562278899e-01
1.010138351558015790e+00
1.012701073748414338e+00
9.926992747723256683e-01
1.036822168013340928e+00
1.009957390158928048e+00
9.993875425527617429e-01
9.868469908361104936e-01
9.990877350736044882e-01
9.863224964126379168e-01
9.860863635737422417e-01
9.825197275022621302e-01
1.001232111068379504e+00
1.005453561878123736e+00
9.649775090036754044e-01
1.002330448700636367e+00
9.814684434092255660e-01
1.003715102280331894e+00
1.017342376589431829e+00
1.001704569171719461e+00
1.019886378256544379e+00
1.008522702905785051e+00
1.008522702905788382e+00
1.022727279225145836e+00
1.072159070440872553e+00
1.088636381830383471e+00
1.059659063293238113e+00
1.043465870591154587e+00
1.031249982130940657e+00
1.031249982130941989e+00
1.031249982130945542e+00
1.054590479621916099e+00
1.068794697725974796e+00
1.063866660525207841e+00
1.063866660525212726e+00
1.079810194457001771e+00
1.061809670691135077e+00
1.087591632932120467e+00
1.122864101324401620e+00
1.151893473012981506e+00
1.134765445196204370e+00
1.146092330688822658e+00
1.188069061803533666e+00
1.145454910979385454e+00
1.183721000829132786e+00
1.188006957635427074e+00
1.197761610495609697e+00
1.238144627569198519e+00
1.261849454212434551e+00
1.269943755197056712e+00
1.241886893293510319e+00
1.190733181244100658e+00
1.209633794803818940e+00
1.216542468065515026e+00
1.189036176964214375e+00
1.200266646957710570e+00
1.242248971552845749e+00
1.269431949278959859e+00
1.277163780448266284e+00
1.312002368719301426e+00
1.323700457396064234e+00
1.304786578304122369e+00
1.264173732240167602e+00
1.330338234078429327e+00
1.433873797983911791e+00
1.454039860968130649e+00
1.435061408624575874e+00
1.416992780277243735e+00
1.411619914640163342e+00
1.423098384640929970e+00
1.420517715914389578e+00
1.433918863198145655e+00
1.477100171276450880e+00
1.472633222083518323e+00
1.489012235594356248e+00
1.538149725683958913e+00
1.526237661366175447e+00
1.524450821748044582e+00
1.537256305874989959e+00
1.486034219515096400e+00
1.462210090879462632e+00
1.450298026561651188e+00
1.428856250848639320e+00
1.395204504313206861e+00
1.406223148822002944e+00
1.402649619438099293e+00
1.362744084091515928e+00
1.401160536472364271e+00
1.362148420934831350e+00
1.404734215708777656e+00
1.412477087485857652e+00
1.431238603771759488e+00
1.448511186944067219e+00
1.464592443802827271e+00
1.447320010482995301e+00
1.436896879278726002e+00
1.414561683757143307e+00
1.373167215297162125e+00
1.391519871201511549e+00
1.399534137976674364e+00
1.399534137979230763e+00
1.399534137981035542e+00
1.416556604876775038e+00
1.404860053055053015e+00
1.413977034212733797e+00
1.393914819913138148e+00
1.390844315964055777e+00
1.387580220519917029e+00
1.395068472020760231e+00
1.406739968372882066e+00
1.393403631148382837e+00
1.438403404598764590e+00
1.458197943268218166e+00
1.530777843735439792e+00
1.505995113124056095e+00
1.514942056026781891e+00
1.514942056026870043e+00
1.514546315308203051e+00
1.487229791474864005e+00
1.474525177345355376e+00
1.474525177346564186e+00
1.472708303294066656e+00
1.460306347598449017e+00
1.450473786467644022e+00
1.429451263174900344e+00
1.432762611816901677e+00
1.432762611817173015e+00
1.432733255561914110e+00
1.412647489416446911e+00
1.400558543564897951e+00
1.409222700590889277e+00
1.422151529920140600e+00
1.429226828099695146e+00
1.456144757002993062e+00
1.440659529284794127e+00
1.449338749546096761e+00
1.455432616836339621e+00
1.447692296383517929e+00
1.431869724614949879e+00
1.438270044261354963e+00
1.439758936646758691e+00
1.441247829032487271e+00
1.407003304169618385e+00
1.390625487930777560e+00
1.323441885641661209e+00
1.330369282977025724e+00
1.333151483259944925e+00
1.320263810698650175e+00
1.354046666834358925e+00
1.354596704403474572e+00
1.334812979355059381e+00
1.322240859177454153e+00
1.322240859177506334e+00
1.312037038612083428e+00
1.330391519350716312e+00
1.304363309216665767e+00
1.319755437182303481e+00
1.346391768045892334e+00
1.347364357901646548e+00
1.365745328384614377e+00
1.365545805328761242e+00
1.348779639538060460e+00
1.357930568706275265e+00
1.352462215538534407e+00
1.349996732435407409e+00
1.345879713905527408e+00
1.290991872215271119e+00
1.238110704361188530e+00
1.253103632328849359e+00
1.282981333216516084e+00
1.290169338089927065e+00
1.305215867125434803e+00
1.295491690733953982e+00
1.315567679374712640e+00
1.320124363157679781e+00
1.303015656773253372e+00
1.330584823326215860e+00
1.338650780394496698e+00
1.324292421512320850e+00
1.327517126946936576e+00
1.308290521947328644e+00
1.305649909392767372e+00
1.286121562059199475e+00
1.323961861951974184e+00
1.329546981984011778e+00
1.346187444463866179e+00
1.353910036269619255e+00
1.369607833796303131e+00
1.393719854439144257e+00
1.377634387263676263e+00
1.385603119203347111e+00
1.385603119203504097e+00
1.335600266929080959e+00
1.308381368077767837e+00
1.315204953921113917e+00
1.301650999904453654e+00
1.283512979990825364e+00
1.289212681339664046e+00
1.280972908852082925e+00
1.301278896106867755e+00
1.289293938422786834e+00
1.249139990207912554e+00
1.288374855220188353e+00
1.281649049761162340e+00
1.317827384026324156e+00
1.335713502467009706e+00
1.335353709402467892e+00
1.303140770841760832e+00
1.320138275501380631e+00
1.366885241199609302e+00
1.348063499833286105e+00
1.333514837785500617e+00
1.343185710985474124e+00
1.350305238292552668e+00
1.334754566156765909e+00
1.302989550685095699e+00
1.348384882795355733e+00
1.342885769455015810e+00
1.354746764018255778e+00
1.363315677014439453e+00
1.337782578848926818e+00
1.323191181485561030e+00
1.319552944866252631e+00
1.350195173666808524e+00
1.350195173666848936e+00
1.357254289089513843e+00
1.309871738430787635e+00
1.341823476754874234e+00
1.374077422725380693e+00
1.457015908198231458e+00
1.450872144284712562e+00
1.494754975310999656e+00
1.522181628334420278e+00
1.534069623300080343e+00
1.544728708478279700e+00
1.564380478070351188e+00
1.548785543009388199e+00
1.554695371810628668e+00
1.570085921873616730e+00
1.550040465706000958e+00
1.587491441701090800e+00
1.580600050517718902e+00
1.594106332569872109e+00
1.587823592079702584e+00
1.602492458789537944e+00
1.630169206984110719e+00
1.640298918523236393e+00
1.601689674542734254e+00
1.660337024683670837e+00
1.649432412262317627e+00
1.656462286937302686e+00
1.655189218820566577e+00
1.676362142939636923e+00
1.688290623195393358e+00
1.682755366889252979e+00
1.668667850840455991e+00
1.660613758333508105e+00
1.679434096439831992e+00
1.666675065239520137e+00
1.659921807547134032e+00
1.549906182238108832e+00
1.549906182238337315e+00
1.607114447411077673e+00
1.635704579979573747e+00
1.681066964989121226e+00
1.679987680427033281e+00
1.674452190788159323e+00
1.688290623219250275e+00
1.671601670874987011e+00
1.666149247997419591e+00
1.662717377421457643e+00
1.660613758359112069e+00
1.670743703232619559e+00
1.649543129083448356e+00
1.631553225259462225e+00
1.540219221222054680e+00
1.590037694639467425e+00
1.572047790812618251e+00
1.583118420092043399e+00
1.474022949344355959e+00
1.453180663183697430e+00
1.564500921564374813e+00
1.610021957503224854e+00
1.610021957503403600e+00
1.620040567692467848e+00
1.587788013913451923e+00
1.572142844900586534e+00
1.621184268982927668e+00
1.673835619142870490e+00
1.681138660355669723e+00
1.681138660356537917e+00
1.671063768376587211e+00
1.655898444300124339e+00
1.669703721212520087e+00
1.631133497187250203e+00
1.631133497191761483e+00
1.604471806711545545e+00
1.612569021998186525e+00
1.604099634500951055e+00
1.610260033895075882e+00
1.584820968403076957e+00
1.571841097550369382e+00
1.538303780279369537e+00
1.534859718603368339e+00
1.508546245503632033e+00
1.488971516182293842e+00
1.470261007660383479e+00
1.498725793104107584e+00
1.472108208892039860e+00
1.453667254391511454e+00
1.484320943306235874e+00
1.494722539593521304e+00
1.537747840997404580e+00
1.539422352934634919e+00
1.525245997946913956e+00
1.567187470529561422e+00
1.562214091805713689e+00
1.509594556125151810e+00
1.547131295642112381e+00
1.658062521961428448e+00
1.648273579125461907e+00
1.728297332073514214e+00
1.696073257648153199e+00
1.642177655219378529e+00
1.701174977943932243e+00
1.729243056320517447e+00
1.732914576984604604e+00
1.731430891028000296e+00
1.717383167115092091e+00
1.659567910573084948e+00
1.663052756785929009e+00
1.658272314562498018e+00
1.676925892168631638e+00
1.758994109031339237e+00
1.755516907780803049e+00
1.781362663871671304e+00
1.796520462091117709e+00
1.807138526813955259e+00
1.783124113183504722e+00
1.838396438760246943e+00
1.929300837544497105e+00
1.904312447238882822e+00
1.885340717517894005e+00
1.836763516698998844e+00
1.880136300503112867e+00
1.881940720676961165e+00
1.847395601412418875e+00
1.847585839705724986e+00
1.879330876721955201e+00
1.919038251317255028e+00
1.872345215816799913e+00
1.872345215816820341e+00
1.899308622642392308e+00
1.826765684443484972e+00
1.819176578710646419e+00
1.819176578710723469e+00
1.819176578714533088e+00
1.818052810113826689e+00
1.858041918169824225e+00
1.851020628565476667e+00
1.813109300693654946e+00
1.838873881025868684e+00
1.833734583504222249e+00
1.867441135343397063e+00
1.909767762000844638e+00
1.895661312949255661e+00
1.956573010002747637e+00
1.979068251963432612e+00
1.982466579531199757e+00
1.957480666926908697e+00
1.960433938686852562e+00
1.967428343847657857e+00
1.971862084489543143e+00
2.012586815485221337e+00
1.991574229283705755e+00
1.976113996163058495e+00
1.946570291474485348e+00
1.920040047076307044e+00
1.920040047076343681e+00
1.990548989912183098e+00
2.011826591043742063e+00
2.011826591047293000e+00
2.012393621479204420e+00
1.993220909847764677e+00
1.993825962488025905e+00
2.114742479261081165e+00
1.917078346314037285e+00
1.880533834840280027e+00
1.982172343971937201e+00
2.011674438153755684e+00
2.068056112073345165e+00
2.050766253719418231e+00
2.066514536212241016e+00
2.036480807648804348e+00
1.946745801514108587e+00
1.959941095349026607e+00
1.984048656332530136e+00
1.949626845013163967e+00
1.873850380416510086e+00
1.925167433013363683e+00
