1.000000000000000000e+00
9.999999999999997780e-01
9.720745030562278899e-01
1.010138351558015790e+00
1.012701073748414338e+00
9.926992747723256683e-01
1.036822168013340928e+00
1.009957390158928048e+00
9.993875425527617429e-01
9.868469908361104936e-01
9.990877350736044882e-01
9.863224964126379168e-01
9.860863635737422417e-01
9.825197275022621302e-01
1.001232111068379504e+00
1.005453561878123736e+00
1.005305039591112948e+00
1.025641086483503939e+00
1.029177754826992697e+00
1.004715607225834750e+00
1.037430030396306657e+00
1.039198401643932623e+00
1.058060756395462265e+00
1.046271738330909917e+00
1.046271738330912138e+00
1.061007992373670827e+00
1.112290017037144141e+00
1.129384074692810991e+00
1.099322134242024296e+00
1.082522829844889012e+00
1.069849700308289409e+00
1.069849700308294294e+00
1.069849700308297846e+00
1.072207503921212002e+00
1.086649004705445121e+00
1.081638644221104117e+00
1.081638644221114776e+00
1.097848516252973861e+00
1.062481610362839390e+00
1.087757760670857499e+00
1.128883915410884509e+00
1.158685486596685354e+00
1.141342044065516426e+00
1.152116146884242243e+00
1.194207461623337352e+00
1.151389646250313037e+00
1.189519607443176641e+00
1.193675592435776034e+00
1.203551365897889358e+00
1.244031842403818588e+00
1.268191031816114034e+00
1.276795524338457444e+00
1.248581561200150736e+00
1.197108737722148097e+00
1.215554532520952913e+00
1.222251188646817921e+00
1.194468040070858716e+00
1.205172377119046789e+00
1.247074316342144051e+00
1.269481288965432775e+00
1.274264212706967880e+00
1.309426659950748695e+00
1.321424370794544556e+00
1.302328342990803023e+00
1.261405961108565732e+00
1.328139343349477697e+00
1.432618660202825023e+00
1.452608360601881587e+00
1.433413698924788315e+00
1.427692060494142767e+00
1.421669331050452234e+00
1.436425063646678879e+00
1.436425063646690647e+00
1.449976280660277617e+00
1.493641144892398298e+00
1.489124173574947863e+00
1.505686603779940791e+00
1.555374348986254596e+00
1.543328890098897288e+00
1.541522040959725448e+00
1.554470924416758271e+00
1.502675239058242740e+00
1.478584321283419989e+00
1.466538862396047804e+00
1.444856975786540376e+00
1.410828387746119184e+00
1.421970422063996153e+00
1.418356875316070687e+00
1.378004466818867790e+00
1.416851117189956266e+00
1.377402133262343176e+00
1.420464815468390540e+00
1.428294394051311977e+00
1.447266006952059980e+00
1.464732013257104670e+00
1.480993352449041289e+00
1.463527497674498523e+00
1.452987645382805004e+00
1.430402334203710879e+00
1.388544319110851077e+00
1.385231711845503089e+00
1.394868139567801091e+00
1.394868139568086640e+00
1.394868139568170573e+00
1.395169230581394082e+00
1.402697718151288298e+00
1.385231711846296232e+00
1.379208982402621686e+00
1.391254441290073363e+00
1.427692060496256632e+00
1.436726154661889021e+00
1.439135337357856370e+00
1.426788635926934390e+00
1.398056340331403469e+00
1.371677918815737085e+00
1.363728898988354477e+00
1.357054026703290228e+00
1.378684571767804234e+00
1.378684571767834877e+00
1.434249755520214054e+00
1.492467636937114817e+00
1.457835461325173387e+00
1.457835461325341031e+00
1.455447035421090884e+00
1.462910866372129082e+00
1.467687718180740619e+00
1.433055542568705043e+00
1.404394431717403080e+00
1.422307625999650327e+00
1.422009072761667214e+00
1.406185751145942353e+00
1.399916133147275810e+00
1.409171283526430285e+00
1.410664049716658264e+00
1.417829327429519504e+00
1.435443968473641085e+00
1.436041074949816476e+00
1.436041074949861329e+00
1.445296225328989159e+00
1.439026607330294860e+00
1.433055542569652951e+00
1.442012139710812102e+00
1.443504905901077384e+00
1.444997672091360430e+00
1.410664049717351265e+00
1.394243621625455232e+00
1.315127013546128598e+00
1.283778923552455931e+00
1.268851261650794759e+00
1.276912199077969046e+00
1.300199351644750312e+00
1.264970069556616394e+00
1.262880196890541429e+00
1.212424699662554506e+00
1.212424699662630667e+00
1.248549641465067861e+00
1.247355428512979092e+00
1.238100278133930532e+00
1.241085810514329202e+00
1.235884825688976951e+00
1.229970797159102958e+00
1.237386395282276119e+00
1.250427955895317078e+00
1.243749073340640665e+00
1.235977451437894947e+00
1.178949996392753663e+00
1.192583808797927913e+00
1.187569138059374252e+00
1.149084646643089069e+00
1.094107582503752063e+00
1.107354402518269332e+00
1.133756300662634553e+00
1.140107573038700695e+00
1.153403750189064381e+00
1.144811163335474280e+00
1.162551725581672635e+00
1.166578156525358567e+00
1.151463144050921095e+00
1.154310202006011865e+00
1.160842151099131803e+00
1.140669485001501782e+00
1.145796824595625818e+00
1.120195007878010074e+00
1.125078170539829170e+00
1.106809664603710219e+00
1.126094551074742878e+00
1.143712321832577983e+00
1.154759259225192292e+00
1.133406693325689663e+00
1.144562657327419464e+00
1.145858326799133797e+00
1.135086663934726570e+00
1.135384386039135274e+00
1.135384386039135940e+00
1.132660721834749307e+00
1.121246625941783259e+00
1.119992980976034946e+00
1.102439571907858573e+00
1.095394550082596563e+00
1.099919933293750152e+00
1.094142853768728774e+00
1.172804610768449107e+00
1.160161308442689609e+00
1.129385956499423971e+00
1.150121432931391574e+00
1.136973008141787034e+00
1.160678820763454411e+00
1.207276683331081735e+00
1.202583000056942186e+00
1.173550052553650858e+00
1.186917939902215391e+00
1.228942795683630962e+00
1.180841921921195414e+00
1.166008378215047436e+00
1.183052069622117397e+00
1.185946027127874780e+00
1.172602256768928264e+00
1.148480112402003206e+00
1.164566377075381354e+00
1.170945005710695375e+00
1.175476994780229045e+00
1.187768047781411429e+00
1.169374288947600871e+00
1.157099144309413186e+00
1.136209410444513512e+00
1.138983721107799774e+00
1.138983721107799774e+00
1.132666589497093312e+00
1.096289179636384503e+00
1.095801608915237368e+00
1.110019051789729483e+00
1.125859135865969307e+00
1.132215246175479750e+00
1.174711161739748544e+00
1.196019672208304074e+00
1.211265296171597949e+00
1.217559366804275900e+00
1.244635019485734517e+00
1.231879145730981007e+00
1.225264556631951329e+00
1.235325437985050900e+00
1.234128554736933836e+00
1.259665281269490622e+00
1.253457341570177075e+00
1.260499116278664289e+00
1.254628276270166376e+00
1.263734171680063856e+00
1.288429214316278548e+00
1.298143916335891213e+00
1.270054349433141549e+00
1.313558311061482575e+00
1.305998554472191708e+00
1.312518977825776867e+00
1.314251370610126424e+00
1.335885209546760821e+00
1.346978066740452951e+00
1.333717760878456282e+00
1.315557977671364398e+00
1.318909057182955147e+00
1.320114466435414302e+00
1.304942150563072722e+00
1.294123624030900865e+00
1.213301267354388813e+00
1.222104564004340865e+00
1.257065408945249096e+00
1.272463543145051945e+00
1.312228457736038356e+00
1.311797326683422193e+00
1.307948804077108118e+00
1.316942433708337301e+00
1.305766345028961606e+00
1.301883677282573926e+00
1.295075588437471392e+00
1.290814244167279634e+00
1.298024268653853897e+00
1.282293000937143379e+00
1.265362399105337543e+00
1.198666917091866901e+00
1.237437862893813190e+00
1.223437321762802066e+00
1.232052976524878218e+00
1.204119014672620391e+00
1.192031537205362701e+00
1.186199332598282696e+00
1.208227817097369705e+00
1.208227817097709877e+00
1.220771472465681518e+00
1.182897179482992778e+00
1.200089652901475512e+00
1.230039102130254136e+00
1.296617074072196063e+00
1.314423812406405823e+00
1.314423812408627157e+00
1.306425013717132044e+00
1.295476346929190559e+00
1.297325872666524216e+00
1.263419859963948122e+00
1.263419859966786296e+00
1.242697618130635284e+00
1.251530829450760329e+00
1.245186720540795378e+00
1.240173268631710624e+00
1.228019551298761280e+00
1.238694900887712835e+00
1.235391749481796753e+00
1.234850146109429891e+00
1.212506767006170660e+00
1.195188537032378706e+00
1.193062910693467815e+00
1.205048999170324375e+00
1.194058751944403252e+00
1.190431677285833212e+00
1.233344982688655112e+00
1.237041543593888404e+00
1.280748651972233754e+00
1.295073607801565219e+00
1.317516377621524182e+00
1.337081726309505392e+00
1.340341971441000091e+00
1.296437039573948846e+00
1.325296558919809575e+00
1.412328759448051807e+00
1.404630176047421353e+00
1.478499632744229908e+00
1.455152006655818786e+00
1.422606113001089190e+00
1.485566827192565720e+00
1.512721962951721899e+00
1.555556325246210569e+00
1.543949197720150934e+00
1.564891927503313962e+00
1.532620106304081187e+00
1.512200677341229316e+00
1.503695861543889567e+00
1.495933557573200234e+00
1.585844054907324052e+00
1.580562989566420162e+00
1.603094984508296239e+00
1.622871188915814722e+00
1.623469020456882905e+00
1.591297513441321643e+00
1.645460866772158859e+00
1.741753155235979289e+00
1.724250294702874609e+00
1.701257950186258805e+00
1.659398757498591559e+00
1.697287454677223861e+00
1.697404408847072776e+00
1.685866085715033602e+00
1.678527360484996844e+00
1.711622788224103520e+00
1.738927635258312288e+00
1.726342678370422989e+00
1.727921170852625865e+00
1.738605179710532189e+00
1.683648254696683333e+00
1.672375796329497399e+00
1.672375796329499176e+00
1.672375796331799558e+00
1.663422519387338872e+00
1.708004777758633796e+00
1.710877305592201525e+00
1.679152459302132305e+00
1.693774223959795266e+00
1.669217514438741778e+00
1.705346593564989632e+00
1.751809008327591899e+00
1.733467565564950741e+00
1.798393015312626408e+00
1.822021903834771583e+00
1.818011418829162062e+00
1.791167818947573265e+00
1.803323891932236300e+00
1.802673137536784154e+00
1.815920057982081781e+00
1.863627151765283818e+00
1.854779730035932550e+00
1.842433885667401627e+00
1.826803367103134068e+00
1.812604322903725196e+00
1.812604322903732079e+00
1.861803351927679095e+00
1.880117729460087705e+00
1.880117729460093035e+00
1.890848430332372709e+00
1.877519884444197595e+00
1.881824666621606301e+00
2.008557928220709776e+00
1.892278359358439355e+00
1.873847633175312222e+00
1.984847949112906962e+00
2.016706753965132215e+00
2.076637652359644814e+00
2.060157966638711091e+00
2.076601385656798193e+00
2.043004110135311358e+00
1.942964982665145834e+00
1.952713608303754844e+00
1.977281286621491718e+00
1.951272308393772414e+00
1.920127265526551108e+00
1.951959048608167935e+00
