1.000000000000000000e+00
9.999999999999997780e-01
9.720745030562278899e-01
1.010138351558015790e+00
1.012701073748414338e+00
9.926992747723256683e-01
1.036822168013340928e+00
1.009957390158928048e+00
9.993875425527617429e-01
9.868469908361104936e-01
9.990877350736044882e-01
9.863224964126379168e-01
9.860863635737422417e-01
9.825197275022621302e-01
1.001232111068379504e+00
1.005453561878123736e+00
9.649775090036754044e-01
1.002330448700636367e+00
9.814684434092255660e-01
1.003715102280331894e+00
1.017342376589431829e+00
9.701583258275562338e-01
9.974343165977582748e-01
9.859334327628309635e-01
1.006860144475177687e+00
9.909957758507438319e-01
9.977339833261699154e-01
9.865758292499540172e-01
1.021138560770514125e+00
1.028008325575352933e+00
1.007973875117817775e+00
1.022801605615781373e+00
1.007599166730213991e+00
9.816482624024608361e-01
1.007117953291117418e+00
1.041030077071380733e+00
1.009683065603813379e+00
1.024361223748912364e+00
1.002222641114089319e+00
1.012005961555823452e+00
9.964306683291562772e-01
9.816072832133961867e-01
9.745871828243178880e-01
1.020397068037550259e+00
1.017011169074247379e+00
1.028906187905000769e+00
9.968735367996645058e-01
9.899142550751901526e-01
9.894440442286256410e-01
9.994002721753123542e-01
1.025709734673851070e+00
1.042611160005920912e+00
1.075249460849236893e+00
1.106074331888391882e+00
1.124871641906183051e+00
1.148383286005548287e+00
1.148383286005921100e+00
1.157449592324909293e+00
1.182502343847481985e+00
1.148383286006440018e+00
1.149622576479916169e+00
1.139317109334498257e+00
1.139317109334518685e+00
1.161982421368747298e+00
1.174070786578217840e+00
1.187367845697788304e+00
1.184648122343015864e+00
1.199758287150586966e+00
1.198247128059415356e+00
1.202780346042626070e+00
1.198065882314567121e+00
1.202780346043133219e+00
1.214868581606539433e+00
1.244484758736406294e+00
1.259141679533573255e+00
1.253853270944980336e+00
1.275309759423140177e+00
1.239045182381890653e+00
1.268570477346346204e+00
1.309368272372831932e+00
1.329707078753584959e+00
1.333031343534275770e+00
1.338773255428665987e+00
1.311060936508317010e+00
1.288304742308445272e+00
1.291538254569129851e+00
1.329707078761038330e+00
1.359927538026127092e+00
1.426412963270638823e+00
1.426412963272036150e+00
1.415050099631732783e+00
1.420368715846244134e+00
1.417346656956644413e+00
1.408280480284573866e+00
1.509519712419744586e+00
1.480810023312189694e+00
1.498942376659799569e+00
1.495920188128307515e+00
1.514657082900196405e+00
1.586612292128350532e+00
1.616802803060747751e+00
1.626020277150586058e+00
1.626020277154642368e+00
1.626020277155118654e+00
1.647023521628917742e+00
1.633423997332184685e+00
1.646418980219802375e+00
1.623058763180684094e+00
1.619483502868771740e+00
1.611752555047914814e+00
1.619483502875436853e+00
1.619483502878508840e+00
1.613219245423497927e+00
1.665317933088695357e+00
1.688235148189154433e+00
1.772264850457905938e+00
1.743572533972640670e+00
1.753930896881027879e+00
1.753930896886355617e+00
1.753472726313785923e+00
1.721846899479012150e+00
1.711152363319899505e+00
1.711152363320624037e+00
1.709043923013934263e+00
1.694651740282211438e+00
1.650039746518774830e+00
1.634761559903873396e+00
1.650039746519650796e+00
1.650039746521182016e+00
1.650039746521362982e+00
1.588224316269100767e+00
1.562282060412083506e+00
1.596413305025725426e+00
1.617650172413734877e+00
1.625655841079833630e+00
1.658900952166656451e+00
1.619941543887288837e+00
1.634731222659012717e+00
1.640292277762134487e+00
1.628039131915338666e+00
1.582815984756056560e+00
1.561426393857151540e+00
1.548164987517615776e+00
1.540037191897276836e+00
1.497258269375800310e+00
1.481980082761693351e+00
1.492827601743385690e+00
1.500925060099143282e+00
1.509327965507166303e+00
1.484302569387432991e+00
1.497258269392754748e+00
1.489894091398048070e+00
1.478068908493831657e+00
1.463279748313618400e+00
1.463279748314469941e+00
1.439720783256480674e+00
1.464807372510700034e+00
1.430034507588672454e+00
1.460621218097810203e+00
1.496647116024519830e+00
1.488671784638253559e+00
1.504072227870512757e+00
1.503063708091910478e+00
1.475838341261025866e+00
1.481857826218350382e+00
1.500313906774466188e+00
1.469757533543242012e+00
1.469207702927432191e+00
1.408675513295759130e+00
1.298642362027606634e+00
1.321284726646730245e+00
1.329198605621271900e+00
1.374422012086228495e+00
1.377324925891800111e+00
1.338396114173856288e+00
1.368707844550638209e+00
1.381144180855107484e+00
1.379433236581870448e+00
1.417811958401445027e+00
1.420898192303609919e+00
1.413747930962691690e+00
1.414756321111638071e+00
1.405619876059637008e+00
1.400731037865362349e+00
1.385391787785555051e+00
1.434434578854679065e+00
1.405406089115109891e+00
1.423128759664321619e+00
1.468199183310485934e+00
1.491147124634394583e+00
1.524759005565439418e+00
1.507952935468571676e+00
1.517730871202775944e+00
1.517730871233494483e+00
1.443509701258364641e+00
1.386400048405422858e+00
1.409317133866460070e+00
1.401219805165154542e+00
1.379922133596104938e+00
1.392389196115489947e+00
1.375033165753483777e+00
1.378119269999901197e+00
1.381205503889953334e+00
1.391716719963903337e+00
1.465174013059221680e+00
1.460621218467276217e+00
1.497258269799724983e+00
1.460498961866059098e+00
1.475410508311157942e+00
1.398775191639884508e+00
1.416223271000732087e+00
1.445190308337984453e+00
1.465846359606269411e+00
1.457534984606313033e+00
1.457993284829756320e+00
1.469757533907481539e+00
1.466304530216123059e+00
1.436145523363491883e+00
1.493194112741949908e+00
1.466702155899539450e+00
1.487174757433859851e+00
1.489741368326392701e+00
1.467496499750898131e+00
1.454479606622987031e+00
1.453990580193648796e+00
1.496830566226645454e+00
1.496830566235006765e+00
1.512536326897286232e+00
1.459338107634960524e+00
1.494935783351212244e+00
1.530870150917355677e+00
1.623272551031464950e+00
1.616427736769976420e+00
1.665317933972706888e+00
1.695874177597049393e+00
1.695874177615317890e+00
1.705040959952152768e+00
1.711457811322455225e+00
1.701893921899991335e+00
1.711152364291631756e+00
1.744764374881432101e+00
1.722488780081567805e+00
1.764106329678817087e+00
1.756448243164870693e+00
1.771457154126586442e+00
1.764475433189328868e+00
1.780776271094802743e+00
1.811532170275612419e+00
1.822788853491038141e+00
1.779884173887703591e+00
1.845056280617000777e+00
1.832938485653194727e+00
1.840750462548849109e+00
1.839335760439865242e+00
1.862864258624061131e+00
1.876119830888875795e+00
1.869968754833140068e+00
1.854313945289933985e+00
1.845363802237288020e+00
1.866277979647896990e+00
1.852099454391018085e+00
1.844594869356642297e+00
1.722339557696083157e+00
1.722339557793828524e+00
1.785912475517098752e+00
1.817683377016486856e+00
1.868092512286619655e+00
1.866893152961333735e+00
1.860741817554417699e+00
1.876119832097738582e+00
1.857574165912347919e+00
1.851515138814755934e+00
1.847701458734824387e+00
1.845363803559356253e+00
1.856620746174909131e+00
1.833061521855743781e+00
1.813070167973012570e+00
1.711574883995860885e+00
1.766935865624202906e+00
1.746944511743576900e+00
1.759246793641378037e+00
1.568559415030130966e+00
1.485517877989459778e+00
1.599315314229474261e+00
1.645849316794381290e+00
1.645849316868800205e+00
1.656090868371636660e+00
1.623120607935756521e+00
1.607127291581655237e+00
1.657260020703549275e+00
1.711083006372271065e+00
1.714096897623647697e+00
1.714096897810470477e+00
1.703824490551508308e+00
1.679527188945171723e+00
1.700533545016270409e+00
1.656398779751116157e+00
1.656398779815925648e+00
1.630071603590125262e+00
1.611617856734005372e+00
1.601468354311775366e+00
1.599315315616958832e+00
1.574894979454598998e+00
1.507047099503581400e+00
1.475983419728984503e+00
1.476291200560897021e+00
1.454761980477727645e+00
1.413241147083895255e+00
1.374027113098296837e+00
1.451686248053006612e+00
1.414779013411453734e+00
1.393249793223382049e+00
1.402476602036987874e+00
1.387098587610611222e+00
1.344040276989953764e+00
1.353113065663346104e+00
1.393249793552695293e+00
1.479366804077918651e+00
1.442367261169237969e+00
1.395956293052488917e+00
1.396325266932314291e+00
1.445535042825783822e+00
1.520979557050078590e+00
1.547030067794074260e+00
1.488593483301257736e+00
1.492284258636141336e+00
1.486840533618069227e+00
1.493514473952142874e+00
1.553181273727852085e+00
1.546568656221759097e+00
1.528576321001125837e+00
1.528576321003021432e+00
1.480904800360107965e+00
1.491699812567892414e+00
1.460913057480298427e+00
1.445535043054465341e+00
1.454546508968005192e+00
1.473215339422918158e+00
1.457837454640917629e+00
1.537803129773959387e+00
1.586643802190948804e+00
1.599869037243310643e+00
1.617461413193375774e+00
1.633147208331038991e+00
1.636222681589386552e+00
1.648986375248062020e+00
1.651600696057949680e+00
1.660827375094791281e+00
1.673683506683348865e+00
1.677251117883526321e+00
1.671192350037414842e+00
1.746298616675439952e+00
1.773179253709090908e+00
1.773179253718774939e+00
1.778715805661299276e+00
1.753095850812973033e+00
1.747282633363010262e+00
1.747282633400584428e+00
1.747282633428255849e+00
1.729228845781494828e+00
1.750911956369765710e+00
1.762414838251308069e+00
1.762568598958009103e+00
1.824449630587215543e+00
1.808087599547421709e+00
1.814607908812602144e+00
1.803751055249425361e+00
1.823250141625175402e+00
1.826018352773614017e+00
1.826910320407572286e+00
1.876458343914471527e+00
1.876119837023950687e+00
1.845640732971623343e+00
1.894512131606531202e+00
1.933802268163132387e+00
1.913177461623071007e+00
1.902382579070060364e+00
1.854071123488187922e+00
1.838516660219732701e+00
1.890592659974429379e+00
1.890592659979282608e+00
1.893952188615518839e+00
1.838703480785869981e+00
1.838703480794945166e+00
1.802959563780457630e+00
1.732747580535364706e+00
1.719402033593664392e+00
1.711314039434942869e+00
1.710971513522095977e+00
1.719619710065895202e+00
1.723446095606209205e+00
1.731658939353629245e+00
1.735671756512721986e+00
1.714518122072645756e+00
1.718686514964198553e+00
1.727988000004145208e+00
1.717286851840525319e+00
1.761274209165891280e+00
1.782396987772020713e+00
1.815122994586872540e+00
1.792942819506293084e+00
1.870247501133258661e+00
