1.000000000000000000e+00
9.999999999999998890e-01
1.012285494339232317e+00
1.016559873835029437e+00
1.024437991399892667e+00
1.040456260012748269e+00
1.047994181128515390e+00
1.043353227981075992e+00
1.052467908279186348e+00
1.026548242881926143e+00
1.025484434400625089e+00
1.033174327625057121e+00
1.015615182629862057e+00
1.015162194301513221e+00
1.002995152381922939e+00
9.599876661739312755e-01
1.005523245496151796e+00
9.737260482475077472e-01
9.859843123564646650e-01
1.002376051497283038e+00
1.010221240159959066e+00
1.010092081916381002e+00
1.028308695610700596e+00
1.032965634729820614e+00
1.030864435508913157e+00
1.017356353673021463e+00
1.025543650254534089e+00
1.046362490243704757e+00
1.048146351800290699e+00
1.039376888878857930e+00
1.034351886196527293e+00
1.038339419012740628e+00
1.043643184377798461e+00
1.048127415909631210e+00
1.029165919860563827e+00
1.042904980024228045e+00
1.041918644558216922e+00
1.066861776414297580e+00
1.076837190136358036e+00
1.075450107841371183e+00
1.068081747507741319e+00
1.086825159516388473e+00
1.084581712220221039e+00
1.089638391920721538e+00
1.094672455300782943e+00
1.099482453548940697e+00
1.097245005721512623e+00
1.094328733726546821e+00
1.080176040053044240e+00
1.064573293796900355e+00
1.061752364548087746e+00
1.057575428858754440e+00
1.075200615976781293e+00
1.072261335854966191e+00
1.072261335854965969e+00
1.080347653487444770e+00
1.085242861950022508e+00
1.087110557345027262e+00
1.113855147511114918e+00
1.118130665965346049e+00
1.141018799995984212e+00
1.127207256290654547e+00
1.130917009836908127e+00
1.136007593912277791e+00
1.142492408401061033e+00
1.147255537589799479e+00
1.143880843065774533e+00
1.129476285796248147e+00
1.138383812216757107e+00
1.146561666513060018e+00
1.120819260789087668e+00
1.094083882914753003e+00
1.093836023272079405e+00
1.088672531356706719e+00
1.075263620407458820e+00
1.073764756434012702e+00
1.081394489503653134e+00
1.093462249501886419e+00
1.095165749305187175e+00
1.093082687352933347e+00
1.048864483510367762e+00
1.030814152651590376e+00
1.028825099323880776e+00
1.054145310364959842e+00
1.067157249188865231e+00
1.087532893458801553e+00
1.079400342139092306e+00
1.092753390826266546e+00
1.102285855239947931e+00
1.094685457299594766e+00
1.085256638258571105e+00
1.065856778645525083e+00
1.062706075302974451e+00
1.061802330326336197e+00
1.069423077974986702e+00
1.083482305173988580e+00
1.088818133085568185e+00
1.080129157846318355e+00
1.080018089399697345e+00
1.084398499406049821e+00
1.123940794582837244e+00
1.138918610912836638e+00
