1.000000000000000000e+00
9.999999999999998890e-01
1.012285494339232317e+00
1.016559873835029437e+00
1.024437991399892667e+00
1.040456260012748269e+00
1.047994181128515390e+00
1.043353227981075992e+00
1.052467908279186348e+00
1.026548242881926143e+00
1.025484434400625089e+00
1.033174327625057121e+00
1.015615182629862057e+00
1.015162194301513221e+00
1.002995152381922939e+00
9.599876661739312755e-01
1.005523245496151796e+00
9.737260482475077472e-01
9.859843123564646650e-01
1.002376051497283038e+00
1.010221240159959066e+00
1.010092081916381002e+00
1.028308695610700596e+00
1.032965634729820614e+00
1.030864435508913157e+00
1.017356353673021463e+00
1.025543650254534089e+00
1.046362490243704757e+00
1.048146351800290699e+00
1.039376888878857930e+00
1.034351886196527293e+00
1.038339419012740628e+00
1.043643184377798461e+00
1.048127415909631210e+00
1.029165919860563827e+00
1.042904980024228045e+00
1.041918644558216922e+00
1.066861776414297580e+00
1.076837190136358036e+00
1.075450107841371183e+00
1.068081747507741319e+00
1.086825159516388473e+00
1.084581712220221039e+00
1.089638391920721538e+00
1.094672455300782943e+00
1.099482453548940697e+00
1.097245005721512623e+00
1.094328733726546821e+00
1.080176040053044240e+00
1.064573293796900355e+00
1.061752364548087746e+00
1.057575428858754440e+00
1.075200615976781293e+00
1.072261335854966191e+00
1.072261335854965969e+00
1.086048286556019704e+00
1.089384393548912255e+00
1.090879241685188461e+00
1.117824280851741792e+00
1.122183750874689911e+00
1.145596055322805729e+00
1.131499908283571720e+00
1.135269278639988277e+00
1.140385834985794267e+00
1.147077096671697660e+00
1.151870842488349922e+00
1.148524393629713147e+00
1.134094766918367858e+00
1.143224029930213215e+00
1.151397199851180275e+00
1.125417273533125817e+00
1.098464947895917421e+00
1.098199417099386288e+00
1.093125856683178077e+00
1.079493850464880778e+00
1.077826224827322710e+00
1.085598113102904883e+00
1.097913108258293358e+00
1.099557100256643771e+00
1.097363450920129546e+00
1.052859621534569357e+00
1.034813243965371221e+00
1.032731383464736918e+00
1.058220220998212113e+00
1.071438152600479476e+00
1.092016093382764064e+00
1.083851231887688282e+00
1.097135429260321038e+00
1.106823370838346587e+00
1.099101732963303268e+00
1.089567419433276507e+00
1.069966404024495166e+00
1.066903382311897630e+00
1.065943570937364138e+00
1.073672734912506144e+00
1.087927189883107104e+00
1.093329376506997130e+00
1.084500383711736182e+00
1.084287757520717266e+00
1.088558494566291168e+00
1.128047052062723266e+00
1.143164520443477716e+00
1.146661058946713885e+00
1.142562062423418956e+00
1.134636358894832275e+00
1.128922479982437110e+00
1.134066584232077846e+00
1.132666338364927583e+00
1.131474500219413093e+00
1.120309722312085476e+00
1.120361975755700179e+00
1.122079915887671087e+00
1.108411335037693624e+00
1.109399485409590325e+00
1.106656575221641736e+00
1.116702929780369669e+00
1.118368878505181740e+00
1.120409151138665571e+00
1.127273983295468796e+00
1.131056523978563044e+00
1.126559073953362189e+00
1.126703603930880870e+00
1.135548447024272933e+00
1.134166131726995097e+00
1.126606804472004342e+00
1.127971069704923668e+00
1.142857682447162571e+00
1.137452313107235380e+00
1.123280779098690729e+00
1.119021979140095269e+00
1.123725540518052179e+00
1.132562626899059843e+00
1.134481154542519743e+00
1.133857010110474350e+00
1.100543039748623553e+00
1.103641408572812344e+00
1.116020611077624292e+00
1.131151201480505408e+00
1.139138190498220959e+00
1.114583134408266618e+00
1.114320587541073548e+00
1.100903800058974591e+00
1.080911014690692618e+00
1.119708091709622932e+00
1.110104657270598816e+00
1.121103477076898614e+00
1.125661373089720474e+00
1.104990738001007555e+00
1.100459348706715135e+00
1.083128104720098017e+00
1.064641760666126258e+00
1.040108754904351951e+00
1.073670319592534117e+00
1.073140162797897812e+00
1.054478626035456612e+00
1.071488111341873939e+00
1.100706001695557212e+00
1.092983800369313974e+00
1.105604469126563849e+00
1.092809480106861075e+00
1.107518972006662938e+00
1.097555642482086480e+00
1.099830734513173480e+00
1.110866235442674821e+00
1.090015985240878171e+00
1.107977861814207987e+00
1.118144798464965728e+00
1.122814065166465758e+00
1.136039061665593763e+00
1.148989942082389470e+00
1.154898225872646567e+00
1.157705800665226548e+00
1.160674771308271902e+00
1.162475043659226825e+00
1.162058409649857182e+00
1.146844377553416505e+00
1.168633768470103140e+00
1.170972251978835255e+00
1.142208266047977538e+00
1.132594246648530145e+00
1.150901456412975143e+00
1.154652353129555609e+00
1.144936240786169401e+00
1.165545799090253576e+00
1.183244796415977795e+00
1.179767178525146010e+00
1.176793144971323590e+00
1.193807609106923628e+00
1.197859445640099052e+00
1.200203041349776401e+00
1.182162453785851497e+00
1.192513535817236958e+00
1.202600576289580836e+00
1.198135025224259298e+00
1.223765905116962038e+00
1.230521914358704061e+00
1.236884034210408378e+00
1.248485818104871026e+00
1.249476442198981019e+00
1.251328003796819965e+00
1.254195399281895273e+00
1.257702974130807450e+00
1.246519832916238357e+00
1.260623284904204944e+00
1.261516440443411380e+00
1.263187857506998801e+00
1.256797637299091441e+00
1.253144839441780567e+00
1.233549677001337885e+00
1.230159950413105330e+00
1.226867980443465012e+00
1.234768931816299542e+00
1.241546859811626602e+00
1.249733680976983452e+00
1.256978079154310812e+00
1.261394367998470045e+00
1.246226987427893951e+00
1.237840421231776622e+00
1.228271159816733960e+00
1.207431110997355228e+00
1.235186733166111273e+00
1.221365423237365411e+00
1.243134997275433307e+00
1.269437884618222379e+00
1.255926473832673196e+00
1.241741106041298837e+00
1.249911105906770015e+00
1.249682419473922002e+00
1.249581063422743998e+00
1.255481078394330430e+00
1.284147955125680696e+00
1.285441824796702326e+00
1.294130639822790974e+00
1.296899938976392663e+00
1.289269407342442664e+00
1.293740350315512044e+00
1.298037227486492196e+00
1.305750902735408170e+00
1.307575205800373119e+00
1.296994575860967558e+00
1.311023393246355084e+00
1.319432852179094784e+00
1.328248259301346712e+00
1.346515927273487678e+00
1.369286912808009182e+00
1.379141018687888964e+00
1.385938705177118146e+00
1.382120395884689934e+00
1.374193906043110980e+00
1.392444484794405968e+00
1.410227267575801413e+00
1.427904807684057031e+00
1.420988901570054530e+00
1.421726042027905201e+00
1.407495596902552659e+00
1.372532515884671511e+00
1.376150313904509481e+00
1.384407315696989382e+00
1.382121993260234438e+00
1.379089448626688696e+00
1.400284588274172570e+00
1.381418003266761119e+00
1.379079783876910437e+00
1.375299581787523095e+00
1.387714407681715389e+00
1.405630260604234794e+00
1.413436346501948160e+00
1.404191776683413106e+00
1.402491087096916500e+00
1.391958945316655649e+00
1.380043660450955612e+00
1.373979309247741476e+00
1.370321110917776863e+00
1.358585892243814541e+00
1.364757851335799410e+00
1.385320807791589726e+00
1.380127193753249326e+00
1.354306122239418375e+00
1.329005717510082452e+00
1.370081731692681215e+00
1.369146199868072289e+00
1.362248263213153177e+00
1.366061959005956172e+00
1.358882175959981398e+00
1.382407603508765570e+00
1.393041804319450350e+00
1.386424218691428623e+00
1.376895730263577589e+00
1.359262807498236691e+00
1.357921249094582228e+00
1.340228422651583262e+00
1.360849633919618551e+00
1.364010262329502066e+00
1.356046441488114818e+00
1.334741331596742908e+00
1.328650111878360462e+00
1.330097037762526968e+00
1.320861133878798555e+00
1.345739856312359484e+00
1.350914962937061592e+00
1.360980635910201908e+00
1.350120270043752679e+00
1.348045723206297231e+00
1.367127604883139558e+00
1.376723323629097662e+00
1.391487268269985034e+00
1.392435255437152630e+00
1.410466300837722953e+00
1.405821524275143064e+00
1.395078611148967918e+00
1.390474041253408011e+00
1.410264222580152271e+00
1.418744097002551108e+00
1.407912367692246258e+00
1.411794230911231462e+00
1.401934701108131565e+00
1.407924919376080553e+00
1.396771981737213286e+00
1.387926061803718580e+00
1.372899310927388594e+00
1.380259032818919485e+00
1.355893602222628003e+00
1.331532383122917551e+00
1.301980060149472873e+00
1.313839622222152670e+00
1.341662144352451680e+00
1.327345843829546235e+00
1.303990402654899849e+00
1.284438988211627608e+00
1.292978996040373918e+00
1.292462601249616316e+00
1.269138346848754928e+00
1.274341312769825096e+00
1.290639684594501624e+00
1.301773850080774064e+00
1.310432346302465412e+00
1.329407054958150036e+00
1.336633802676531424e+00
1.350024614251234878e+00
1.331677450446318911e+00
1.309518279417454689e+00
1.293985044870524792e+00
1.293985044870525014e+00
1.293985044870535894e+00
1.307371313563482573e+00
1.304984714761496578e+00
1.308610512196817677e+00
1.327560695044802008e+00
1.324976116898199274e+00
1.324976116898198608e+00
1.324976116898221923e+00
1.332074763372751658e+00
1.338165023314397351e+00
1.341465985080436907e+00
1.327957530923797869e+00
1.328648335968715566e+00
1.332672766414118026e+00
1.336406160458675663e+00
1.344104109997330987e+00
1.356584280546646371e+00
1.352974278811509334e+00
1.387519168028303440e+00
1.386422956719725263e+00
1.394589222195339762e+00
1.409626129862241672e+00
1.418729235746134298e+00
1.436829769116328759e+00
1.454772840087845909e+00
1.463336879098642074e+00
1.457318495947709458e+00
1.452596721284895587e+00
1.441064300191421399e+00
1.442418747317943728e+00
1.429334185031966076e+00
1.421574448130460189e+00
1.414493325901553522e+00
1.415178341197113943e+00
1.420184684918714968e+00
1.422556118824514826e+00
1.443431141935938911e+00
1.438228226657030095e+00
1.448694800797780902e+00
1.443684116529097450e+00
1.422445283351152501e+00
1.438970028231058240e+00
1.435177008348331285e+00
1.409190174289970177e+00
1.397238440958551653e+00
1.401447240339495970e+00
1.463881877682982058e+00
1.452823587940716088e+00
1.457106510194329463e+00
1.435438651024577350e+00
1.450475097385124368e+00
1.439333714585085078e+00
1.438832149345633526e+00
1.428000110593320660e+00
1.405485327486960978e+00
1.390280830650279409e+00
1.389012775861240945e+00
1.383845294139323334e+00
1.413793261191983675e+00
1.415772163998502142e+00
1.435842860640855312e+00
1.445495816326032745e+00
1.430563301581240454e+00
1.446616037609117944e+00
1.428956441408258948e+00
1.437308729736395563e+00
1.450086169228451682e+00
1.436621889097254190e+00
1.451952651274743378e+00
1.450546575013663242e+00
1.450479334001112619e+00
1.439515264935174566e+00
1.426571597701645988e+00
1.443610383978163769e+00
1.431295750147682622e+00
1.405807389193332479e+00
1.400646484975841988e+00
1.411031482414536020e+00
1.425236990268548887e+00
1.414770551775887952e+00
1.409867695650665720e+00
1.423588006238652115e+00
1.460902696355646180e+00
1.453371477886647778e+00
1.447891852730835316e+00
1.458248527485300761e+00
1.459270160831164675e+00
1.441904964121740962e+00
1.424715023687582738e+00
1.418819493356081596e+00
1.394545887826106112e+00
1.372284700605940655e+00
1.364011333214028010e+00
1.386734909039240460e+00
1.371195446532477380e+00
1.357144736390205830e+00
1.349123087544386479e+00
1.345984016701835984e+00
1.351446316578363671e+00
1.385502977664964996e+00
1.388163836669217277e+00
1.376884680361029289e+00
1.365399938342973574e+00
1.330674778726513852e+00
1.346706416290652131e+00
1.367293582467225432e+00
1.347314380670620926e+00
1.332405947624477838e+00
1.295363822185443325e+00
1.262267072376514365e+00
1.287868715235122252e+00
1.214574504503914243e+00
1.261975035210938456e+00
1.271728722237075226e+00
1.308204672565480564e+00
1.298194866355454113e+00
1.331043352141022762e+00
1.346455482651429669e+00
1.355625557138166792e+00
1.322157665757026423e+00
1.319428563384554831e+00
1.322342509393128251e+00
1.337356173105659796e+00
1.334555827491351376e+00
1.310505927693200734e+00
1.326425023460329200e+00
1.382516197163520033e+00
1.395859583971249984e+00
1.443902201992581125e+00
1.489096023038393612e+00
1.443292099044811705e+00
1.403954668768619518e+00
1.445213383454859279e+00
1.481518600476533498e+00
1.438339688358062807e+00
1.429005350228926163e+00
1.433718204787692407e+00
1.431605911776345330e+00
1.422320887758530716e+00
1.443010950182167296e+00
1.439234787869314580e+00
1.428636631400388435e+00
1.414018876413904779e+00
1.336294386310393989e+00
1.359333027228828206e+00
1.382313182087967274e+00
1.389683477092775066e+00
1.375493162204369568e+00
1.373505716638826479e+00
1.353762914445775234e+00
1.330219302313090379e+00
1.325168736545911941e+00
1.339406008883462729e+00
1.367355240925844928e+00
1.345130410590509973e+00
1.383526552380535124e+00
1.385284793995889885e+00
1.394361679287932310e+00
1.403586271964093246e+00
1.379928148762858742e+00
1.386011151259067153e+00
1.426179467724793870e+00
1.397766981099042960e+00
1.422977141181716698e+00
1.444504166216920460e+00
1.444766621781232496e+00
1.436012372578702401e+00
1.439931800015239016e+00
1.465904697431764214e+00
1.469025787078953149e+00
1.422792492322825009e+00
1.435764144232513306e+00
1.435461696925778075e+00
1.430957145941574860e+00
1.425305193945700211e+00
1.407093422079150447e+00
1.411815236671993157e+00
1.445078814023221581e+00
1.442720592171017557e+00
1.459553251466304102e+00
1.434778784812959174e+00
1.418000971760360551e+00
1.413879341518538668e+00
1.402382299374978381e+00
1.369572808059350777e+00
1.390869440887075648e+00
1.397048959296724124e+00
1.425649628488205645e+00
1.417136670237572282e+00
1.467038549157454241e+00
1.498533495407188942e+00
1.469967951633297965e+00
1.507704864121030219e+00
1.518681158974952039e+00
1.506449721943502018e+00
1.477005158438477350e+00
1.478523295569871721e+00
1.478044230403841253e+00
1.455249567501702312e+00
1.442815579414017835e+00
1.457649624799060017e+00
1.463845242300214622e+00
1.447340173301346011e+00
1.470517038425880330e+00
1.467917440481315117e+00
1.477263020251353476e+00
1.488696312539130373e+00
1.490401602904800393e+00
1.499943072894498908e+00
1.478587337533269208e+00
1.468134515527844464e+00
1.503222245755052588e+00
1.526480943268438528e+00
1.519583228719496582e+00
1.504708866437199033e+00
1.505856313980374894e+00
1.526080034873750879e+00
1.530291962772804659e+00
1.524735745817509036e+00
1.519335415574467385e+00
1.504163295224320462e+00
1.509097730035151574e+00
1.509239555589255710e+00
1.563236953648037053e+00
1.582578662456270324e+00
1.590969085044501297e+00
1.578457756828258285e+00
1.585313614134531424e+00
1.615976359412811370e+00
1.610555493494198354e+00
1.604606368647628623e+00
1.631723921057096627e+00
1.657233189729262479e+00
1.642612617509385586e+00
1.661244703966180181e+00
1.678252239316009753e+00
1.695308409848745645e+00
1.681388977400114504e+00
1.678187086362675107e+00
1.672009457795158749e+00
1.679735529653662018e+00
1.695048905197054756e+00
1.718891975839896391e+00
1.730526306788410462e+00
1.742650055293208489e+00
1.742650055293209599e+00
1.742650055293209599e+00
1.753364580364645597e+00
1.744893529595755055e+00
1.761669975232509122e+00
1.763524858603472190e+00
1.789953497209485933e+00
1.804648642036772221e+00
1.787022813857046977e+00
1.759733112505183383e+00
1.784165860425299677e+00
1.824960277449237500e+00
1.846885309642832596e+00
1.848918135097066040e+00
