1.000000000000000000e+00
9.999999999999997780e-01
1.000674007484563033e+00
1.003421483687785498e+00
1.009803759059844319e+00
1.008002478760015252e+00
1.007360336027486758e+00
1.015248750571164926e+00
1.012000102419575276e+00
1.002339172805100320e+00
9.949487554295172176e-01
9.999787751402822167e-01
1.010892762659646449e+00
1.019192362360717308e+00
1.013144991835373432e+00
1.009094400213019549e+00
1.009094400213019327e+00
1.009094400213019771e+00
1.006506367912018973e+00
1.003453031117162775e+00
1.015997569789261812e+00
1.016144175665542049e+00
1.008177134020560972e+00
1.006703564306116627e+00
9.974284949298821701e-01
9.870978588538763532e-01
9.910030046743072418e-01
9.898625211992374551e-01
9.993074457183774850e-01
1.004218565572575939e+00
1.000968763489769264e+00
1.011196579595585288e+00
1.021427184976279934e+00
1.025577278464992359e+00
1.024728469740721515e+00
1.029140632512525411e+00
1.029712389303495623e+00
1.020852298114041767e+00
1.023984326538747824e+00
1.024663059726427905e+00
1.033498934306157579e+00
1.029519981176409971e+00
1.034067946629537049e+00
1.021735010506443775e+00
1.018112806851647179e+00
1.024948208301993846e+00
1.043653779252978975e+00
1.047426712354099010e+00
1.059259328372107234e+00
1.054087371362335768e+00
1.057781049948866459e+00
1.064338578532374013e+00
1.070348063246677084e+00
1.056316255529136772e+00
1.045270157368603625e+00
1.041194562860613404e+00
1.042868254607923761e+00
1.045450737847838818e+00
1.038237667587754265e+00
1.029596180441591846e+00
1.034852481934658286e+00
1.035358415469435744e+00
1.029446771772770886e+00
1.012047300213527512e+00
1.015514641998209067e+00
1.011545412556292156e+00
1.023259627464162769e+00
1.019028597761764132e+00
1.023090779242548543e+00
1.006348303863780602e+00
1.006452177065932485e+00
1.027600336716669727e+00
1.027600336716669505e+00
1.027600336716669283e+00
1.039848260743003294e+00
1.037995308224394897e+00
1.042316840075302675e+00
1.040818945739176327e+00
1.039757204389710088e+00
1.040329489887379610e+00
1.054438348636579148e+00
1.056360826293833988e+00
1.056672936887241843e+00
1.050639989722060630e+00
1.054993023829040366e+00
1.061375356095334288e+00
1.069885552178148291e+00
1.068530106018178438e+00
1.083275883333452816e+00
1.083096467719817602e+00
1.092400602186774261e+00
1.087721540252416297e+00
1.091280755595033236e+00
1.086316645574049389e+00
1.113164698579955036e+00
1.117431077618608048e+00
1.111484006725303120e+00
1.111484006725302898e+00
1.111484006725302676e+00
1.111484006725302454e+00
1.111484006725303120e+00
1.115947711169400502e+00
1.119567416037266838e+00
1.114610191496279157e+00
1.119644038705318589e+00
1.130930776473997534e+00
1.127442444012808576e+00
1.128067409704689439e+00
1.136791765752825034e+00
1.133646623480725868e+00
1.136191595430642298e+00
1.136191595430642520e+00
1.136191595430642742e+00
1.135059447199170179e+00
1.139320614902876061e+00
1.128984384900619808e+00
1.128984384900622029e+00
1.128984384900626248e+00
1.138327801060218469e+00
1.144790409452507651e+00
1.144790409452508095e+00
1.144790409452510538e+00
1.136196842441024923e+00
1.145796734185170695e+00
1.144410105705082614e+00
1.133261113546236931e+00
1.137862593955161428e+00
1.127764693423004339e+00
1.119046567133846093e+00
1.124929214945310507e+00
1.111429285644095044e+00
1.110261347295843137e+00
1.110469327845887255e+00
1.133497445561943984e+00
1.158079756641152258e+00
1.176214089885252223e+00
1.168154101809405931e+00
1.171208171274367160e+00
1.182113800334598785e+00
1.171345314079102806e+00
1.172876352177237180e+00
1.174765984445408362e+00
1.179915190782090173e+00
1.179105841267392929e+00
1.197540674352860268e+00
1.191165538239186805e+00
1.202570465979166947e+00
1.205362959217213703e+00
1.203737593135797201e+00
1.209984022051174390e+00
1.214431170486458988e+00
1.214092882962741093e+00
1.215888198547285581e+00
1.230408857098151509e+00
1.228204376886734561e+00
1.232687311314866418e+00
1.238566591437693098e+00
1.220721660872679415e+00
1.229797378067167601e+00
1.219297984092008402e+00
1.212155891974299848e+00
1.215815912554600198e+00
1.211228916891486929e+00
1.201984626029522607e+00
1.214769670835989634e+00
1.225209736090792978e+00
1.232319207447339471e+00
1.236058984537238059e+00
1.241008662340395530e+00
1.240592391044391896e+00
1.239880525995425753e+00
1.245785669108175231e+00
1.246905674530162100e+00
1.259513352556636434e+00
1.259607634412565513e+00
1.265415170729438765e+00
1.251569208755909379e+00
1.243296246232750146e+00
1.250325358010436538e+00
1.265213666494302114e+00
1.261638558442692126e+00
1.269878244271188450e+00
1.261745447334688075e+00
1.265066698722676186e+00
1.263922335289823007e+00
1.254899656506660577e+00
1.261853440311567098e+00
1.241464967974679423e+00
1.237888861920992456e+00
1.241478189963947765e+00
1.241478189963947543e+00
1.241478189963947321e+00
1.241478189963947099e+00
1.260828083054074567e+00
1.276212706597488866e+00
1.286733341230230865e+00
1.279104723414818290e+00
1.279104723414818068e+00
1.279104723414817846e+00
1.272173095703285295e+00
1.263034775321906444e+00
1.263034775321906222e+00
1.263034775321906000e+00
1.250680519959334713e+00
1.260079897919103464e+00
1.273366640453976739e+00
1.275647564608179296e+00
1.278819142078148063e+00
1.275818016226188290e+00
1.265829281332570000e+00
1.236587704113968122e+00
1.223263448888188387e+00
1.225273707303338622e+00
1.188260934849864281e+00
1.191150038895915975e+00
1.190752440572874660e+00
1.163576339313262764e+00
1.191264784383550213e+00
1.177973147173068114e+00
1.177973147173067892e+00
1.177973147173067447e+00
1.177973147173067225e+00
1.177973147173067003e+00
1.194471526556234453e+00
1.197693662485380672e+00
1.197693662485380450e+00
1.197693662485380228e+00
1.174224878686259244e+00
1.183967232362655109e+00
1.153811585827793751e+00
1.173990843060611189e+00
1.160640694748458435e+00
1.139504467315268110e+00
1.146934832989579656e+00
1.165233076939835133e+00
1.157833572075309458e+00
1.170843267985672842e+00
1.178309036512615871e+00
1.182426685911432296e+00
1.187561221989611004e+00
1.187561221989610782e+00
1.187561221989610560e+00
1.179402994496566048e+00
1.179033717525977298e+00
1.202112849995217836e+00
1.224456876323919641e+00
1.227436227609614905e+00
1.228887684895137555e+00
1.213598567346204860e+00
1.226056888466720229e+00
1.225751695354146076e+00
1.232771551604393334e+00
1.216502808712536465e+00
1.222747640679218151e+00
1.207247960048203339e+00
1.187881292563128799e+00
1.184650163940142775e+00
1.182147409764272572e+00
1.212988667622800110e+00
1.217715595464968326e+00
1.203720975822156536e+00
1.229577493875064764e+00
1.230004672940583799e+00
1.234020008484822739e+00
1.249066376828198210e+00
1.257919840298666436e+00
1.253762702207657620e+00
1.239069492241076764e+00
1.276742818703244353e+00
1.268533453897968677e+00
1.297058813870584082e+00
1.272367215603241508e+00
1.283720348649403542e+00
1.299570740640662248e+00
1.290850363263010392e+00
1.298917788457753408e+00
1.314781444578125624e+00
1.314781444578128067e+00
1.314781444578164260e+00
1.318767998079824810e+00
1.311011344728310490e+00
1.294655389688261327e+00
1.303168607010263269e+00
1.286076603134652441e+00
1.301086926992354398e+00
1.303570039484793330e+00
1.303570039484794885e+00
1.303570039484802656e+00
1.310677305645778112e+00
1.303453955512210216e+00
1.307996128352745702e+00
1.320658501581748023e+00
1.312277981308305641e+00
1.296904643638826737e+00
1.285964061468862107e+00
1.292404464495124916e+00
1.286955467368318784e+00
1.298791173361840023e+00
1.301852295939514015e+00
1.301170858228207772e+00
1.306759795879464781e+00
1.308461236280159978e+00
1.293582977075533158e+00
1.318559195102308790e+00
1.324751041797353812e+00
1.303536634833023733e+00
1.306751498690753577e+00
1.330097225046492637e+00
1.342758395990562015e+00
1.339328203073736345e+00
1.341468364209522202e+00
1.336567361540256238e+00
1.331705768724126049e+00
1.354212599060564015e+00
1.364565952012475325e+00
1.366653478458514037e+00
1.365629207173064685e+00
1.371097692710702365e+00
1.367505030816386524e+00
1.385765323345788058e+00
1.377034312101976354e+00
1.380335986821231042e+00
1.363025825713235495e+00
1.376236576964000369e+00
1.377384723817727918e+00
1.382499402538083899e+00
1.390633568356052230e+00
1.389607269664358435e+00
1.393361603618184397e+00
1.396316106695487447e+00
1.393592027018655033e+00
1.386806433829482321e+00
1.387888365819023528e+00
1.387888365819023306e+00
1.387888365819022862e+00
1.393445659655038193e+00
1.409002031082185136e+00
1.417193669697654812e+00
1.415359929069236689e+00
1.414867846994825484e+00
1.413542174731818868e+00
1.422657331765909694e+00
1.422447567098913401e+00
1.434793332415798428e+00
1.433645879530364375e+00
1.425557229839405915e+00
1.431856688015328949e+00
1.432239674149094144e+00
1.433687908921005283e+00
1.430844147688484558e+00
1.418764203690019432e+00
1.395271393610375554e+00
1.393403139333780905e+00
1.412122031745548512e+00
1.399195131880164533e+00
1.379479186855745443e+00
1.392272239063109263e+00
1.405886275664972374e+00
1.405886275664972151e+00
1.405886275664971929e+00
1.405886275664971485e+00
1.405886275664971263e+00
1.405776481466439298e+00
1.418525225108200560e+00
1.423772281358755221e+00
1.430006974484572924e+00
1.426846160683413078e+00
1.417230524711486028e+00
1.423656685411728962e+00
1.418858692151507839e+00
1.418858692151507617e+00
1.418858692151507395e+00
1.418391886319047890e+00
1.418391886319047668e+00
1.418391886319047446e+00
1.418391886319047224e+00
1.419540335583736823e+00
1.415783564097399472e+00
1.402987072619511499e+00
1.400992638680232938e+00
1.404273730511379936e+00
1.393452072736123037e+00
1.416938891221922292e+00
1.420482952178361957e+00
1.425728261927932339e+00
1.419808385569586884e+00
1.416280134100040389e+00
1.414076636947203314e+00
1.427213583496530491e+00
1.418012203330181631e+00
1.419664140409475417e+00
1.438096030862053620e+00
1.433827639112776220e+00
1.429949311238264409e+00
1.438368299897743841e+00
1.447693939384894435e+00
1.441949828698883884e+00
1.454282489007218571e+00
1.458772656596992512e+00
1.458640531405006824e+00
1.460138626725664857e+00
1.466077540344699504e+00
1.458354773331312915e+00
1.467117864154062090e+00
1.454835438834982231e+00
1.464123550191867684e+00
1.475988703261248425e+00
1.475777811497578140e+00
1.472417612483809757e+00
1.478530316472844053e+00
1.475217955893227462e+00
1.467238260259599025e+00
1.474024401504264059e+00
1.474796464715427913e+00
1.485051728717340147e+00
1.442483204836159327e+00
1.423735792016435520e+00
1.406350423437301655e+00
1.399473362291626666e+00
1.386835315961747472e+00
1.399445704054118611e+00
1.403731503207334086e+00
1.424111602760018469e+00
1.426875301344861846e+00
1.421004448198100123e+00
1.403157588204167139e+00
1.369767294171446048e+00
1.395728522223701029e+00
1.397832384273751227e+00
1.417107397802144675e+00
1.426736701851726075e+00
1.428553311794069858e+00
1.455610644333723114e+00
1.464647353328356605e+00
1.450308218547955219e+00
1.452943359175088656e+00
1.443490361110773890e+00
1.463522124991190054e+00
1.465979152463559476e+00
1.470099957424119363e+00
1.486933797299943683e+00
1.492087021662385604e+00
1.497068398097592734e+00
1.497068398097592512e+00
1.497068398097592290e+00
1.492890271674774727e+00
1.488178083717538458e+00
1.498259601217892811e+00
1.516648279759316598e+00
1.517003307084973551e+00
1.510751510801032316e+00
1.509198832746802887e+00
1.533394211997580303e+00
1.529645168752169493e+00
1.517806358042528059e+00
1.517806358042527837e+00
1.517806358042527393e+00
1.508380012992272867e+00
1.513835228425662649e+00
1.548176307234502644e+02
7.966378308100821926e+00
7.976701497975914990e+00
8.049156020346851292e+00
8.049156020346860174e+00
8.049156020346869056e+00
8.075270034545500408e+00
8.061091006583728458e+00
8.134683045213037644e+00
8.107496981190276841e+00
8.181612483057103091e+00
8.149150679799467056e+00
8.149150679799472385e+00
8.149150679799477714e+00
8.152419282429722358e+00
8.158624663215375605e+00
8.212286634393187512e+00
8.123640471158431353e+00
8.167552075419425961e+00
8.167552075419429514e+00
8.167552075419431290e+00
8.158075668840130135e+00
8.224907709621614771e+00
8.313715952010193533e+00
8.277607770960845102e+00
8.205904668817780134e+00
8.037439622307488207e+00
7.951136173740255941e+00
7.993694723244635369e+00
8.080149594024144122e+00
8.024857173625491669e+00
8.063576241056289007e+00
8.225766378244339094e+00
8.339876213902902791e+00
8.312634586427931183e+00
8.295803732082122295e+00
8.318433987698755416e+00
8.214980378711377540e+00
8.214980378711382869e+00
8.214980378711389974e+00
8.164669725865458361e+00
8.116321799211245747e+00
8.183820128482945933e+00
