1.000000000000000000e+00
9.999999999999998890e-01
9.720745030562277789e-01
9.819297361087953036e-01
9.944012981028741427e-01
9.871414474593823707e-01
1.023490135690664493e+00
1.033681426295550709e+00
1.033048340407944243e+00
1.019460646119817904e+00
1.018530627928522447e+00
1.004599671611192013e+00
9.906220370264559039e-01
9.733056938769693023e-01
9.745049145953118552e-01
9.798194374475930335e-01
9.455037200215609117e-01
9.477071679373322288e-01
9.301446789232189483e-01
9.336002615409251248e-01
9.497911088605597296e-01
9.214477520580588443e-01
9.190836088545708549e-01
9.061552574740380228e-01
9.123716134572517067e-01
9.041564149422639529e-01
9.021075814302543794e-01
8.899975352222235792e-01
9.088108022061263114e-01
9.342650710407132131e-01
9.417147840441310036e-01
9.631873931524561616e-01
9.705068147454618543e-01
9.526963283446295838e-01
9.594775763104059774e-01
9.988450152146837180e-01
1.008516897025049541e+00
1.033085602808035741e+00
1.035381781343210683e+00
1.047812535205617346e+00
1.044072544738601005e+00
1.024869214118555361e+00
9.988244001511753511e-01
1.019197489398624201e+00
1.036535230210832603e+00
1.066497512345460086e+00
1.063163147119862595e+00
1.052440354804553779e+00
1.041330840967227500e+00
1.040706325887194028e+00
1.067462609399152162e+00
1.081656606564427303e+00
1.077426927413123181e+00
1.067208049366618949e+00
1.064707748330568249e+00
1.029856321290802734e+00
1.011648788741902116e+00
1.011648788741901894e+00
1.041197396504188744e+00
1.050176805320150342e+00
1.048801658035196649e+00
1.060335833100357394e+00
1.058772080336122023e+00
1.100543880371091188e+00
1.101555980709052029e+00
1.116134320586227524e+00
1.097284685873328947e+00
1.124244576629443770e+00
1.118696018377778101e+00
1.118224800748711001e+00
1.089249992703158476e+00
1.103766011626308163e+00
1.117243922125547018e+00
1.121573386401746530e+00
1.146425020984611631e+00
1.143375110854782495e+00
1.116854299641924175e+00
1.139791813826330991e+00
1.136489554806091373e+00
1.136666690228922860e+00
1.160869406641004353e+00
1.157197273747989641e+00
1.167535950595975702e+00
1.202780175565584253e+00
1.206931403265937730e+00
1.191929030243129572e+00
1.196726039495818572e+00
1.209133420988209640e+00
1.202568103368114372e+00
1.202636625535790316e+00
1.203623841149475071e+00
1.191850958779208103e+00
1.185979921078730515e+00
1.176322149489454683e+00
1.147625968089015069e+00
1.153403633427767971e+00
1.166981062294734084e+00
1.142026337683219595e+00
1.135573108837659051e+00
1.160552339095212160e+00
1.159134461644934389e+00
1.169144649680837533e+00
1.162195763659851222e+00
1.154771587458183646e+00
1.186327337512830482e+00
1.175209882383130067e+00
1.181432436947123410e+00
1.160750675161923207e+00
1.165860610197737346e+00
1.171614742204064141e+00
1.182746432822744831e+00
1.188393309172512513e+00
1.199714653215683269e+00
1.221727977341004356e+00
1.250379015112490944e+00
1.243058389660452345e+00
1.246806354365470382e+00
1.260823421257604382e+00
1.263921783727236958e+00
1.267083241989020115e+00
1.292993752120184192e+00
1.300309701652558880e+00
1.301035299663071187e+00
1.303385001784633346e+00
1.293822716478037593e+00
1.314225248881847774e+00
1.336406615617788951e+00
1.365099813258868755e+00
1.364463739306881696e+00
1.359690037412154773e+00
1.363810656078346950e+00
1.364662270043700776e+00
1.352652854931819082e+00
1.335842562475712425e+00
1.352651635330701207e+00
1.355851043083788898e+00
1.321678629424276830e+00
1.331279399435747468e+00
1.323041187363734439e+00
1.352610804959532009e+00
1.360600827565617399e+00
1.398861504549147927e+00
1.397160423206361246e+00
1.393434996085591626e+00
1.389576618132928321e+00
1.406252925158351763e+00
1.409768841263041583e+00
1.397879707873336264e+00
1.381845482251760737e+00
1.387196466293158403e+00
1.400953775426998504e+00
1.400275917296228245e+00
1.402831790730651784e+00
1.400128213171726088e+00
1.407367878876123690e+00
1.423804657613698232e+00
1.403520640433614686e+00
1.391546688634595075e+00
1.410041689219081240e+00
1.449554551218899645e+00
1.459412654182566715e+00
1.437021217989565169e+00
1.449103432014559711e+00
1.441543943188001942e+00
1.422414637139877813e+00
1.426890655085782500e+00
1.415406842335846127e+00
1.423982854299614242e+00
1.430808174085659745e+00
1.399994884766661896e+00
1.404175089970114643e+00
1.417588866516697355e+00
1.427560819991647634e+00
1.443443979370660157e+00
1.433235008380409292e+00
1.456644752509347995e+00
1.462101971634089725e+00
1.475467961320790167e+00
1.496342229532659163e+00
1.483569339627535122e+00
1.492173199794889271e+00
1.487053663268643966e+00
1.481394716044744042e+00
1.508900683676677845e+00
1.514373501943134359e+00
1.511658850070729310e+00
1.488264918136720905e+00
1.467592394241453935e+00
1.489163865090931793e+00
1.487206149934042099e+00
1.458125450347764529e+00
1.436513019359340948e+00
1.440541197909618987e+00
1.436474954880815780e+00
1.435148485936122320e+00
1.456636371337244107e+00
1.477385272129559945e+00
1.501745293596388198e+00
1.498591913164105449e+00
1.500229753124063148e+00
1.516338302717346709e+00
1.514524436227335125e+00
1.515899132622466228e+00
1.507445012672222528e+00
1.500823255961328817e+00
1.528066704168064449e+00
1.526017093803756053e+00
1.524802204005264672e+00
1.497402554337719849e+00
1.476421110406124892e+00
1.488040323118926533e+00
1.508286310299808308e+00
1.505380396762368012e+00
1.506369947253783703e+00
1.504141233070859229e+00
1.510504367687878435e+00
1.502189417425598750e+00
1.491952637093444833e+00
1.506026137177170154e+00
1.517502770167574511e+00
1.525511742101653967e+00
1.513570240391785449e+00
1.526746801917976404e+00
1.526917575954591433e+00
1.532388320130047221e+00
1.544579212480194474e+00
1.544145920613185563e+00
1.539105430512878847e+00
1.553583340713260874e+00
1.542942669210549234e+00
1.532133018761187015e+00
1.547010763454442550e+00
1.547677596064603422e+00
1.556568076476450901e+00
1.581392525415022066e+00
1.574998594434751098e+00
1.578691569858308608e+00
1.590225088040190249e+00
1.582199127527770255e+00
1.568703755313335835e+00
1.581995794712842018e+00
1.584004050520844142e+00
1.567606167405068751e+00
1.581992552554485565e+00
1.581412743092279305e+00
1.590844515503685219e+00
1.572639827671043822e+00
1.547020596519638858e+00
1.547141329089973816e+00
1.526894601188001799e+00
1.535438790846494372e+00
1.550524978570572809e+00
1.552650779086219623e+00
1.541098770228781722e+00
1.553253124598678481e+00
1.558655671580360114e+00
1.550737949412026806e+00
1.513950798421937360e+00
1.525438706464204985e+00
1.540757890996916180e+00
1.533982235126968519e+00
1.542076292048822461e+00
1.542214215935090449e+00
1.568971002093421996e+00
1.574557635381885978e+00
1.596237799648862143e+00
1.600784301035760748e+00
1.590570954457046104e+00
1.600921675506963515e+00
1.591270353157398398e+00
1.583011116826943843e+00
1.577490398799105131e+00
1.588882239740113445e+00
1.603960342387658500e+00
1.630026689131400586e+00
1.656713946303694840e+00
1.671095806960060992e+00
1.675024860667962523e+00
1.688831891168371513e+00
1.677256296859831908e+00
1.696640841015099932e+00
1.691375158672440593e+00
1.703833704820664208e+00
1.693060466730812674e+00
1.706554018891055735e+00
1.735818220408791301e+00
1.753283467747146496e+00
1.749551545490898086e+00
1.752850306579952777e+00
1.745658890557606258e+00
1.744633228364319999e+00
1.751754261475814589e+00
1.753581333786116803e+00
1.755126497316738865e+00
1.736672070978247273e+00
1.738754104080441953e+00
1.752851914482272733e+00
1.751577789765919935e+00
1.751577789765919713e+00
1.795357948960395911e+00
1.814776795503160178e+00
1.803711947895755507e+00
1.820720931296208267e+00
1.798267628588237965e+00
1.785457932518312196e+00
1.798100204259188928e+00
1.802583358478434317e+00
1.787592818401148698e+00
1.773869544355266559e+00
1.784500020665211073e+00
1.789520377023486208e+00
1.785329511738183106e+00
1.796492648160002759e+00
1.816388984212243818e+00
1.816808832673981966e+00
1.781336288636288456e+00
1.785856727684035583e+00
1.789385255278579612e+00
1.799915091850746940e+00
1.777756829648447168e+00
1.742705766897773012e+00
1.738389222383411425e+00
1.680656476952640421e+00
1.716338491652092513e+00
1.714668572064329766e+00
1.746418391583898888e+00
1.739932958523378925e+00
1.710842681971713741e+00
1.704470000646653993e+00
1.712618100660807219e+00
1.699205759818684935e+00
1.660814950015340408e+00
1.650841362166774129e+00
1.680674603943030920e+00
1.648221331626186004e+00
1.693881272282238948e+00
1.713147152213618574e+00
1.714130898751306642e+00
1.710381412776073251e+00
1.714486912043302835e+00
1.720610471599775426e+00
1.704245767615993223e+00
1.698254697012396619e+00
1.682405911064357440e+00
1.668537065419458010e+00
1.696628169943041886e+00
1.720448732068430964e+00
1.715141809974859877e+00
1.738918194169694953e+00
1.758037559286472096e+00
1.756926820047433724e+00
1.777939467571238774e+00
1.784292955097845024e+00
1.798362345864338296e+00
1.815233871635725915e+00
1.801016150967177598e+00
1.801437765513011824e+00
1.813787904623437308e+00
1.830302593961889768e+00
1.795545324818361932e+00
1.775418895391268181e+00
1.765841079041706729e+00
1.791145915098217190e+00
1.789771389689454706e+00
1.806373934641604784e+00
1.813490383335697231e+00
1.822987549958630549e+00
1.830012564470534064e+00
1.829343714331108428e+00
1.840893997550067773e+00
1.818540265366902275e+00
1.825381756377325804e+00
1.827020505495212443e+00
1.824841203847032522e+00
1.834180749581378000e+00
1.858652100433056509e+00
1.882459302394146494e+00
1.895688377719519258e+00
1.905865555283340340e+00
1.900555150886550804e+00
1.906071799494572838e+00
1.924467480630583927e+00
1.919485957123480357e+00
1.940618127739497600e+00
1.924436873583065477e+00
1.919066665353775347e+00
1.919784336237839950e+00
1.909125654575183795e+00
1.912864878603598218e+00
1.892352845638175740e+00
1.867164140441297970e+00
1.860415783111185162e+00
1.878679747520507259e+00
1.876249429703808591e+00
1.891995064714166341e+00
1.876409659134185004e+00
1.883205380080019475e+00
1.877914261612882330e+00
1.912795090538126130e+00
1.885396615965274636e+00
1.866340995457786756e+00
1.882654273357495578e+00
1.884587609570112621e+00
1.904050771861797386e+00
1.915189503674143534e+00
1.951606129838706183e+00
1.954675652010756659e+00
1.952082081958925075e+00
1.954203940209066959e+00
1.941847628240667811e+00
1.948823890521196089e+00
1.963107380780731326e+00
1.970514626432537497e+00
1.994044718492677060e+00
1.993271288892979776e+00
1.990703333635729377e+00
1.990062007164489222e+00
2.005154019124117060e+00
2.034954329342449242e+00
2.045484082686398697e+00
2.041612357458339577e+00
2.044152267045399096e+00
2.043145455885385431e+00
2.072786735301120231e+00
2.076396585943723228e+00
2.085564153016627120e+00
2.112470491454941701e+00
2.105991935981760932e+00
2.103136528522822957e+00
2.118084308057879284e+00
2.116853660166400530e+00
2.102082293244629696e+00
2.096711435714579075e+00
2.103456095907798140e+00
2.113418015927194471e+00
2.140279327861764447e+00
2.138829853989169472e+00
2.128276376533605685e+00
2.131698320361111509e+00
2.132622357351753539e+00
2.135387521347275719e+00
2.162943455611261889e+00
2.141314601486645319e+00
2.140469419956264829e+00
2.134942573014988909e+00
2.124805159626724560e+00
2.127091418390682609e+00
2.135944089383639000e+00
2.139018028344829236e+00
2.144322866405919292e+00
2.162512839805788900e+00
2.171755122933071824e+00
2.171883451216531480e+00
2.165449076392283345e+00
2.176407517126093705e+00
2.183579761546379228e+00
2.182112907873372087e+00
2.188050580306045489e+00
2.193502867743569062e+00
2.181838922520800583e+00
2.174085284710986166e+00
2.183945519497036525e+00
2.173071791089774774e+00
2.189527092656030405e+00
2.158448427951041637e+00
2.175222413649111619e+00
2.189913900841607308e+00
2.177401550780853956e+00
2.158382893161069571e+00
2.135540052425868307e+00
2.147514341330329479e+00
2.169140456056132926e+00
2.191219461708953542e+00
2.205879395163826029e+00
2.206197540184369643e+00
2.224819813325029649e+00
2.222518962181587288e+00
2.218874507602021318e+00
2.223118320101353351e+00
2.240303555790998047e+00
2.242067613805024617e+00
2.241317861911782838e+00
2.254610333058605587e+00
2.263581400836193858e+00
2.288944860167548612e+00
2.293706704901825155e+00
2.301186550337423142e+00
2.299381753482712121e+00
2.299070804226235332e+00
2.318728958116935246e+00
2.322523246619480730e+00
2.312409031469421894e+00
2.312874241569241818e+00
2.329180112870438357e+00
2.336674867852661208e+00
2.314384251714099783e+00
2.320744201664402873e+00
2.317823094176487242e+00
2.306237683907495395e+00
2.324931800562112905e+00
2.334693501018910489e+00
2.342368848391174652e+00
2.356711752294205819e+00
2.331839386337469566e+00
2.328241258286394277e+00
2.311275209429502819e+00
2.288387874831014912e+00
2.280720356249345215e+00
2.253094617794218824e+00
2.233480484058551596e+00
2.240653147794759992e+00
2.260291118256138265e+00
2.227310969111089722e+00
2.198737075188944790e+00
2.232276360711792584e+00
2.267368851044053724e+00
2.299891501546262873e+00
2.308407355592532628e+00
2.302986401734521849e+00
2.326680497912570367e+00
2.304974736361694809e+00
2.296393680642229818e+00
2.312653105961041344e+00
2.306994777935906349e+00
2.301790504358951495e+00
2.280828550565588309e+00
2.290755678688700225e+00
2.295848486737342320e+00
2.330650923847374045e+00
2.305682674344795124e+00
2.268297632607369163e+00
2.250402582096449056e+00
2.268022272709603548e+00
2.279832497151155213e+00
2.268871894576257819e+00
2.258500439095442847e+00
2.267396762123187415e+00
2.281545862890092202e+00
2.254313738427763170e+00
2.232984913414830075e+00
2.234514244615402045e+00
2.173525293641748402e+00
2.166917922345489522e+00
2.148324817386086494e+00
2.095774534148946433e+00
2.163425781174489249e+00
2.165008663283676249e+00
2.169282269246156858e+00
2.172290598811014828e+00
2.194176864231425661e+00
2.209595868788087003e+00
2.246590004260847984e+00
2.254933372882555798e+00
2.282587531389683289e+00
2.299462403648699471e+00
2.317483481929918376e+00
2.320364444811478855e+00
2.334910741246883248e+00
2.345839841605703135e+00
2.350541207674933908e+00
2.362561856433304630e+00
2.351672735303093731e+00
2.356934287068184197e+00
2.346504057924078346e+00
2.328093364966210999e+00
2.336306068293871441e+00
2.329884323536356661e+00
2.323336297108224091e+00
2.284185228489143071e+00
2.311009487326677547e+00
2.353917038903415193e+00
2.356526013317101320e+00
2.357151335781237034e+00
2.357151335781237478e+00
2.356863140492964526e+00
2.356704088383894113e+00
2.356427855289232820e+00
2.371289755798883903e+00
2.365857505438216268e+00
2.330295471597994883e+00
2.297270310147480732e+00
2.273517630716218374e+00
2.300026375174448301e+00
2.271448733206807624e+00
2.304590913340007319e+00
2.302446504490364365e+00
2.279710809718960451e+00
2.300867951621257568e+00
2.305189507531891557e+00
2.282706204222280100e+00
2.285873110129936769e+00
2.303683126497745093e+00
2.298663902299169948e+00
2.260197807088437205e+00
2.292296346682920483e+00
2.296697607051756407e+00
2.309290002297452293e+00
2.341463729191281651e+00
2.339679575223344798e+00
2.352898874718322375e+00
2.342919258512111025e+00
2.313465113227054282e+00
