1.000000000000000000e+00
9.999999999999997780e-01
1.015662101804723161e+00
1.001530129551196691e+00
1.010450524652368731e+00
1.013837556596665301e+00
1.008550568153855798e+00
9.851324409386366110e-01
9.844736549768662304e-01
9.704726413742692515e-01
8.673917060173061966e-01
9.171113687155033611e-01
9.094089979205214336e-01
8.640741498584851854e-01
8.931401926526860713e-01
8.697710513471991201e-01
8.610057376997798384e-01
8.750745774863923909e-01
8.754339341998680357e-01
9.080476699478275959e-01
8.958860770555130415e-01
8.886075904842963835e-01
8.983918921131914814e-01
8.444059105271284338e-01
8.411210749713698975e-01
8.066099911591452232e-01
8.172733612421626548e-01
8.411725579768504213e-01
8.599191128426754149e-01
8.561738666082867599e-01
8.679440761254679781e-01
8.678464822255522737e-01
8.426845852017608163e-01
8.585978963442130185e-01
8.419459863282218182e-01
8.299427063840243424e-01
8.339442196756809977e-01
8.250562178955369586e-01
8.363422418563262184e-01
8.548712608349181563e-01
8.777323465993680518e-01
8.756943234799017262e-01
8.881844723249374685e-01
8.875167916861094186e-01
8.776513280700546371e-01
8.789498825396953041e-01
8.734535317069582749e-01
8.585097406970341183e-01
8.561362836560383327e-01
8.494080148596541147e-01
8.511900386459358980e-01
8.631615107163201905e-01
8.525307707715497063e-01
8.538040729236890947e-01
8.596733564351430879e-01
8.632096133900372115e-01
8.631595832791535416e-01
8.599158294150792692e-01
8.634345482022101059e-01
8.634345482022098839e-01
8.794795667632624436e-01
8.882074869232541303e-01
8.886474487348603457e-01
8.698271261939084509e-01
8.807526951840457530e-01
8.682462558351873305e-01
8.626273591661018925e-01
8.286828329431024098e-01
8.137748445181296475e-01
8.205539298850808017e-01
8.348435709615338318e-01
8.064501086616898684e-01
7.948371152349417157e-01
8.096915298922426896e-01
8.096915298922420234e-01
8.407591243472494202e-01
8.237706374573573465e-01
8.321537323618216631e-01
8.218359396204049094e-01
8.213408259355364782e-01
8.443198958835732570e-01
8.763896354950795331e-01
8.697935288318980884e-01
8.816789506673042842e-01
8.701836567160171620e-01
8.967599146917805131e-01
8.996132847959895651e-01
8.960538251310441460e-01
9.303243546582170564e-01
9.319522072692663084e-01
9.228482540259909106e-01
9.238253130711644445e-01
9.265290838996343981e-01
9.217731731462072142e-01
9.120039841348442922e-01
9.145455784175569036e-01
9.321410636810762984e-01
9.204360186610532901e-01
9.314768803998753066e-01
9.338165290675686236e-01
9.291345062698685986e-01
9.196780152772146000e-01
9.089837345293354520e-01
9.197092407481213261e-01
9.243834394537630006e-01
9.244115921473547992e-01
9.244411587119111262e-01
9.244411587119104601e-01
9.244411587119097939e-01
9.244411587119097939e-01
9.662397387247299019e-01
9.837233342711146911e-01
9.699046076676474115e-01
9.743651839728667552e-01
9.776099103471984630e-01
9.883291342059489226e-01
9.883291342059491447e-01
1.000065726923033305e+00
9.652812839806551581e-01
9.855818840251423518e-01
9.690950331824870201e-01
9.508272190969131454e-01
9.438106019356723442e-01
9.365574035673805975e-01
9.122688296618428616e-01
8.906231015739229928e-01
8.842302807869970582e-01
8.835780212888929563e-01
9.165050758502353290e-01
9.248762021044105719e-01
9.263668868866337114e-01
9.148484521054092156e-01
9.278757762544550536e-01
9.249588386967918519e-01
9.364518538252484259e-01
9.500377769183859789e-01
9.462694175159501730e-01
9.375850975221885486e-01
9.347477572437208337e-01
9.476205772023432727e-01
9.447477713316230208e-01
9.112648276387274038e-01
9.139382474405269852e-01
9.041956459919227029e-01
9.181371814979358836e-01
9.309579423005336363e-01
9.447952225414917304e-01
9.439924952470865049e-01
9.334229022349379568e-01
9.407961570575219534e-01
9.528359749941580636e-01
8.975078464545710455e-01
8.994761332038025969e-01
8.699101730555723888e-01
8.714147052339764610e-01
8.496714934659035379e-01
8.639057900367848042e-01
8.282846591118010471e-01
8.054847031883701769e-01
7.860886864484761816e-01
8.409696213827614342e-01
8.375446747952590698e-01
8.375446747952588478e-01
8.246837670020630284e-01
8.169169512514116160e-01
8.435840634550081374e-01
8.533788005891141948e-01
8.414324148950483861e-01
8.308415597248969275e-01
8.471687637471415622e-01
8.543713068512290842e-01
8.516013404920469432e-01
8.546383174841025721e-01
8.419819765093656816e-01
8.243401532744877303e-01
8.214500814207661428e-01
8.293311107898209134e-01
8.379762129825104600e-01
8.182057467623221614e-01
8.065324940240411467e-01
8.115430725704201320e-01
8.016029076285420274e-01
7.850824245023498849e-01
7.929404716745005466e-01
7.851370976327959328e-01
7.799501736674454566e-01
7.917732399746922889e-01
7.917301436584160967e-01
8.129852853601852170e-01
8.132622253224377484e-01
8.092938396851161453e-01
8.111918115942847729e-01
8.122736131594463505e-01
8.061822998196881418e-01
8.185330228825783427e-01
8.256332955122286377e-01
8.124402424203163164e-01
8.053875446638448787e-01
8.094160460527868306e-01
8.138704719343216043e-01
8.172257801172144731e-01
7.903310908787030131e-01
7.814921445447986503e-01
7.865847464386691579e-01
7.954407406695356286e-01
7.845714346545962226e-01
8.042646752343318717e-01
8.112118485598462936e-01
8.192425722990269721e-01
8.081515615448355838e-01
8.069642277112419881e-01
8.101181171509473922e-01
8.087241309429762381e-01
8.090875754702344658e-01
8.057079474481831927e-01
8.168656954182657026e-01
8.259249380112244632e-01
8.261923325546987051e-01
8.240223871805865130e-01
8.183304442294656589e-01
8.065204275288099245e-01
8.157666323809922293e-01
8.460092057913848329e-01
8.371311943961962099e-01
8.556692245796585494e-01
8.713842294095490715e-01
8.807983862737677194e-01
8.798696135667684048e-01
8.906351898670611389e-01
8.997136843547222096e-01
9.030839497046145858e-01
9.169044697121409015e-01
9.015302043108769370e-01
9.124675183806618683e-01
9.083814410635555614e-01
9.209778820534390009e-01
9.094482478916170454e-01
9.137988673779711135e-01
9.245102180009345805e-01
9.280172735168540354e-01
9.277770150675497263e-01
9.263381465250175584e-01
9.263381465250172253e-01
9.217157159864328708e-01
9.140170766886425158e-01
9.254522649272001189e-01
9.284119691913294004e-01
9.398896961905531811e-01
9.398896961905529590e-01
9.491622885376856944e-01
9.446560995859016874e-01
9.476204842165684150e-01
9.475985666285705600e-01
9.565303156291902198e-01
9.578576197645253254e-01
9.597573203448787060e-01
9.576549191324607024e-01
9.579412151902318984e-01
9.500714402793158930e-01
9.454162529200331733e-01
9.454162529200329512e-01
9.497622917973427281e-01
9.602959156477810510e-01
9.763515151062144293e-01
9.761878384466377012e-01
9.885068882060749074e-01
9.816464908936112232e-01
9.875546222009198294e-01
9.994933830416495857e-01
9.995247176227899377e-01
9.984622183395520656e-01
1.003278657222344661e+00
9.988544208521417112e-01
1.010990022547969103e+00
1.018233928534756583e+00
1.024499677327215252e+00
1.029453146568052757e+00
9.953757078035967432e-01
1.011544363871239582e+00
1.001867081869807663e+00
9.923539718314496882e-01
9.982183709935453786e-01
1.003102000553099060e+00
1.011791747887776038e+00
1.008080018879193629e+00
1.013632772968285245e+00
1.014524958309611202e+00
1.012098183698595832e+00
1.002648494202374119e+00
1.006479623383328192e+00
1.014866398135024328e+00
1.000480753640710541e+00
9.995876176203213337e-01
1.008594976513939923e+00
1.012340711377501368e+00
1.024638663973962416e+00
1.024676483567381391e+00
1.024719676004730573e+00
1.020352487735999514e+00
1.027566978550767507e+00
1.037997798367752411e+00
1.045379583576532267e+00
1.056736505401277393e+00
1.053745222189070851e+00
1.056696358625225152e+00
1.055683501240594291e+00
1.057887889432003625e+00
1.070888655403938072e+00
1.078568449841348365e+00
1.079044425487234449e+00
1.079044425487234671e+00
1.079044425487234671e+00
1.079044425487234893e+00
1.063522776362095801e+00
1.062387867063778302e+00
1.064554775534151343e+00
1.051769642509386093e+00
1.036895670133839875e+00
1.034439654399096353e+00
1.038230290144475099e+00
1.017176301986691067e+00
1.023140191550713451e+00
1.020834478665248124e+00
1.021231260318719247e+00
1.009656212871571590e+00
1.020137376787363603e+00
1.037912726218698456e+00
1.031361333186304075e+00
1.031989365838380301e+00
1.034308161542712323e+00
1.039252783834979432e+00
1.052021646092434759e+00
1.044005669556004934e+00
1.046764829397964558e+00
1.045380226604898599e+00
1.053371739620038161e+00
1.055556462563138620e+00
1.061049663115731345e+00
1.069301869296649610e+00
1.068634898700226543e+00
1.065152267908882955e+00
1.041105758658102953e+00
1.035902310091936451e+00
1.032112944040970204e+00
1.019143348681446293e+00
1.021278630446912583e+00
1.022330587302627825e+00
1.028610291554564071e+00
1.014575308726362035e+00
1.008303288452942814e+00
1.002090368360362360e+00
1.002913235980523954e+00
9.889250195770216134e-01
9.860611490508074395e-01
9.817933518945513027e-01
9.816279337496771618e-01
9.875531899049760920e-01
9.846570598929745843e-01
9.817121918767064415e-01
9.868933344856691825e-01
9.819915232060238974e-01
9.819915232060236754e-01
9.768611574559133981e-01
1.004195557166160047e+00
9.855698986121782523e-01
1.002331481409989733e+00
9.953461353003711931e-01
9.975527592263077059e-01
9.934691294941739859e-01
1.003364020017249336e+00
1.011476144686937362e+00
1.025682812529357779e+00
1.032345753479917860e+00
1.045849159118788174e+00
1.047737680260786730e+00
1.046420737088864295e+00
1.044523400426274229e+00
1.044523400426274007e+00
1.048465946045499475e+00
1.055459210083423693e+00
1.051939111546891459e+00
1.056124588570178879e+00
1.040474603269560872e+00
1.026102669298867731e+00
1.033482974321179526e+00
1.027801741007998926e+00
1.029414742943306038e+00
1.051413779355705458e+00
1.055453248443162684e+00
1.059244132350327661e+00
1.051696616571067056e+00
1.059494652589330066e+00
1.063894997382895724e+00
1.077570365963010035e+00
1.083624714898863362e+00
1.087635464353258641e+00
1.093077193358571675e+00
1.097278329731952606e+00
1.100365965871533014e+00
1.107182051867974026e+00
1.110790392534274140e+00
1.101444082824722948e+00
1.104500376020778996e+00
1.118330057070173078e+00
1.112460801872238170e+00
1.106894673131422646e+00
1.098671805128198509e+00
1.104103782451774318e+00
1.109429437978927790e+00
1.100173196411122989e+00
1.094146884804884312e+00
1.057754476556452605e+00
1.077383502703717966e+00
1.103474488154764011e+00
1.106938062342228690e+00
1.125111454364400743e+00
1.124065496813428933e+00
1.126247802907344608e+00
1.122064559101158654e+00
1.123511081526908040e+00
1.111628701624004734e+00
1.115410454300928667e+00
1.129282684713798224e+00
1.129282684713798002e+00
1.131485850802041560e+00
1.142768961504480263e+00
1.151439472893498239e+00
1.157219366459079524e+00
1.162651678172933245e+00
1.165092864058538513e+00
1.168805574938173608e+00
1.169254198924438715e+00
1.156449789224094804e+00
1.153583133647458681e+00
1.149312373109548258e+00
1.156626355911967607e+00
1.167024668359368800e+00
1.175105476813695260e+00
1.186658661164702977e+00
1.188056537212301977e+00
1.195400562557293211e+00
1.194037834347396965e+00
1.195002939879826309e+00
1.179491641984405037e+00
1.184154846499762659e+00
1.195626463153299346e+00
1.173383712818242719e+00
1.162989018853916479e+00
1.163067332767739659e+00
1.154072657409354941e+00
1.144021142436044247e+00
1.129601382427342537e+00
1.138997411735032328e+00
1.166674179184705729e+00
1.171508695689639445e+00
1.172023180957342037e+00
1.156656233554272939e+00
1.171540559577630702e+00
1.189401845555166037e+00
1.185082468781357701e+00
1.189877154503177437e+00
1.205443820567126734e+00
1.205406361772621837e+00
1.202756351084868003e+00
1.186834402868668814e+00
1.185904257892595348e+00
1.186550422897131307e+00
1.162190830594836299e+00
1.148193058678347978e+00
1.142243198915473323e+00
1.140824755552967140e+00
1.107016765054568141e+00
1.106440896886573766e+00
1.108997566748904262e+00
1.081791495414561766e+00
1.099341967377631457e+00
1.124281970241816531e+00
1.126094169915528909e+00
1.145115673356878139e+00
1.152660391296697506e+00
1.169938947535763996e+00
1.156303636366889931e+00
1.162591153126103505e+00
1.150532809743353591e+00
1.134686807844310641e+00
1.150252093598790770e+00
1.150521549225465012e+00
1.143948252651109554e+00
1.149564658800079187e+00
1.161630752680672840e+00
1.170048448642807104e+00
1.169962175702840224e+00
1.177694792536907231e+00
1.188577531937272225e+00
1.183098810769247722e+00
1.179038136205992293e+00
1.181490519068820744e+00
1.175240917064263479e+00
1.194574328656251128e+00
1.194613155405865434e+00
1.200815626044651419e+00
1.223216040613511302e+00
