1.000000000000000000e+00
9.999999999999997780e-01
1.015662101804723161e+00
1.001530129551196691e+00
1.010450524652368731e+00
1.013837556596665301e+00
1.008550568153855798e+00
9.851324409386366110e-01
9.844736549768662304e-01
9.704726413742692515e-01
8.673917060173061966e-01
9.171113687155033611e-01
9.094089979205214336e-01
8.640741498584851854e-01
8.931401926526860713e-01
8.697710513471991201e-01
8.610057376997799494e-01
8.750745774863925019e-01
8.754339341998681467e-01
9.080476699478277069e-01
8.958860770555131525e-01
8.886075904842964945e-01
8.983918921131915925e-01
8.444059105271284338e-01
8.411210749713698975e-01
8.066099911591452232e-01
8.172733612421624327e-01
8.411725579768501992e-01
8.599191128426751929e-01
8.561738666082865379e-01
8.679440761254677561e-01
8.678464822255520517e-01
8.426845852017605942e-01
8.585978963442127965e-01
8.419459863282215961e-01
8.299427063840242313e-01
8.339442196756808867e-01
8.250562178955369586e-01
8.363422418563261074e-01
8.548712608349184894e-01
8.777323465993683849e-01
8.756943234799018372e-01
8.881844723249375795e-01
8.875167916861094186e-01
8.776513280700548592e-01
8.789498825396955262e-01
8.734535317069584970e-01
8.585097406970342293e-01
8.561362836560383327e-01
8.494080148596541147e-01
8.511900386459361201e-01
8.631615107163206346e-01
8.525307707715499284e-01
8.538040729236893167e-01
8.596733564351433099e-01
8.632096133900374335e-01
8.631595832791537637e-01
8.599158294150794912e-01
8.634345482022105500e-01
8.634345482022104390e-01
8.770793734432960065e-01
8.857259272602941991e-01
8.861658599738303499e-01
8.674336320738772477e-01
8.782696204337435697e-01
8.657635129748117997e-01
8.601448894025605085e-01
8.263523591606756202e-01
8.114280252161830687e-01
8.180742500862826505e-01
8.322661790799981141e-01
8.038107398313230068e-01
7.922621513197366516e-01
8.070675423501434409e-01
8.070675423501432189e-01
8.360633684364436879e-01
8.191131699633084073e-01
8.273018067979226453e-01
8.171162564969797204e-01
8.167232214288590031e-01
8.396242570788756687e-01
8.713949296965561864e-01
8.649301735205369157e-01
8.767577933177145288e-01
8.653579764763742466e-01
8.918368858926380982e-01
8.946710721601404126e-01
8.911684847441128099e-01
9.253582001455034067e-01
9.267689613636262980e-01
9.177226954799050374e-01
9.186806579956910968e-01
9.213841580189847669e-01
9.166476149137871010e-01
9.069550571584257259e-01
9.094774540893354464e-01
9.270142235917626650e-01
9.154048573099845543e-01
9.264067361620336172e-01
9.287272001456112758e-01
9.241023053504037188e-01
9.147411045154029141e-01
9.041976745971733731e-01
9.148747849542552268e-01
9.195390431885630544e-01
9.195860976221488237e-01
9.195966050814367021e-01
9.195966050814364801e-01
9.195966050814420312e-01
9.195966050814469162e-01
9.449498985927520245e-01
9.620962212269508207e-01
9.555520459781441378e-01
9.611207036709906726e-01
9.684110073979211863e-01
9.752393262357902382e-01
9.752393262357913484e-01
9.866663006715516993e-01
9.661715342007534124e-01
9.861794843840671065e-01
9.698392525753695148e-01
9.515712834192351366e-01
9.540184490403447182e-01
9.468678652719085820e-01
9.224552247549723250e-01
9.061007095457416227e-01
8.995967917371919809e-01
8.989331970100895575e-01
9.320475553700741100e-01
9.404573864639200753e-01
9.421973332395487954e-01
9.350149925760098402e-01
9.470988796381766273e-01
9.441215109391152271e-01
9.558526305893829678e-01
9.677593163199762483e-01
9.597838511329727096e-01
9.517920188448375507e-01
9.481713846367005871e-01
9.611750831685532681e-01
9.582611854671454488e-01
9.242993108909719480e-01
9.270109705595760419e-01
9.171290136002973048e-01
9.312699650231243131e-01
9.442741104872314217e-01
9.436070417456809967e-01
9.433709261101764776e-01
9.331990298007835083e-01
9.424323020152020058e-01
9.543674781147536423e-01
8.993647901338099881e-01
9.013301383116429921e-01
8.717032366452227565e-01
8.732108699735525725e-01
8.514228409788840990e-01
8.656864773594331597e-01
8.299919239652542302e-01
8.071449726484158926e-01
7.877089767331106884e-01
8.427030325495794560e-01
8.392710264435053746e-01
8.392710264435051526e-01
8.263836096770749151e-01
8.186007849234696598e-01
8.453228635240742639e-01
8.551377896237417620e-01
8.431667799743763902e-01
8.325540948758289872e-01
8.489149526199865070e-01
8.561323416451736001e-01
8.533566658162358154e-01
8.563999026418187555e-01
8.437174743480886363e-01
8.260392876910120918e-01
8.231432588054350408e-01
8.310405325951764066e-01
8.397034541196208846e-01
8.198922369067120908e-01
8.081949231962685110e-01
8.132158295744543741e-01
8.032551759104247235e-01
7.867006406743770608e-01
7.945748848961848854e-01
7.867554264973775080e-01
7.815578112160812552e-01
7.934052472920356536e-01
7.933620621453976174e-01
8.146610150610814616e-01
8.149385258534932452e-01
8.109619605580685731e-01
8.128638445772800036e-01
8.139478759577234435e-01
8.078440071697120528e-01
8.202201876102901412e-01
8.273350953605805858e-01
8.141148486757340264e-01
8.070476138602102889e-01
8.110844188181702830e-01
8.155480261866083769e-01
8.189102503490142126e-01
7.919601256304701353e-01
7.831029604122105026e-01
7.882060592048589776e-01
7.970803074592986981e-01
7.861885975715644514e-01
8.059224299661097435e-01
8.128839228431444797e-01
8.209311995538631779e-01
8.098173279478600994e-01
8.086275467752978008e-01
8.117879370291045671e-01
8.103910775291642832e-01
8.107552711902629161e-01
8.073686770605140728e-01
8.185494234415215953e-01
8.276273389946852133e-01
8.278952846932500220e-01
8.257208666159067123e-01
8.200171914009543039e-01
8.081828318295114499e-01
8.174480950095261989e-01
8.477530045770520495e-01
8.388566937763911602e-01
8.574329346486986303e-01
8.731803313321898630e-01
8.826138927078432950e-01
8.816832056094785486e-01
8.924709719743131320e-01
9.015681791042893245e-01
9.049453912634884967e-01
9.187943982021753442e-01
9.033884432812776533e-01
9.143483014024308408e-01
9.102538018404897624e-01
9.228762066831912581e-01
9.113228075765993363e-01
9.156823945835492751e-01
9.264158235007928788e-01
9.299301077786549241e-01
9.296893541073255607e-01
9.282475197611116391e-01
9.282475197611114170e-01
9.236155614435092032e-01
9.159010536684411008e-01
9.273598121793170668e-01
9.303256170020056670e-01
9.418270019546728378e-01
9.418270019546726157e-01
9.511187070196860383e-01
9.466032298866764449e-01
9.495737247230996436e-01
9.495517619584499247e-01
9.585019211287870711e-01
9.598319611106396199e-01
9.617355773641826922e-01
9.596288426709278507e-01
9.599157288436935831e-01
9.520297327098415918e-01
9.473649500530035850e-01
9.473649500530033629e-01
9.517199470093324898e-01
9.622752828226586175e-01
9.783639761701975468e-01
9.781999621393980826e-01
9.905444039913375853e-01
9.836698659905450670e-01
9.895901751703031213e-01
1.001553544249943251e+00
1.001584943418093010e+00
1.000520254105542017e+00
1.005346620658408963e+00
1.000913265028088084e+00
1.013073880692269002e+00
1.020332717857555416e+00
1.026611381645572418e+00
1.031575061004205374e+00
9.974273816372483115e-01
1.013629364626895901e+00
1.003932135759062039e+00
9.943994172464468706e-01
1.000275904140056182e+00
1.005169599863472873e+00
1.013877258552714711e+00
1.010157878908071183e+00
1.015722078364153180e+00
1.016616102682766920e+00
1.014184325990697522e+00
1.004715158742986114e+00
1.008554184668287501e+00
1.016958246285809109e+00
1.002542950022663026e+00
1.001647973065441066e+00
1.010673897976300584e+00
1.014427353568976509e+00
1.026750654772352611e+00
1.026788552319723546e+00
1.026831833785559533e+00
1.022455643844567996e+00
1.029685005207121806e+00
1.040137325086760489e+00
1.047534325671443112e+00
1.058914656445347768e+00
1.055917207583881856e+00
1.058874426918541722e+00
1.057859481826749715e+00
1.060068413715112845e+00
1.067041202464859229e+00
1.075123897371875747e+00
1.072638832638399098e+00
1.072638832638398876e+00
1.072638832638398654e+00
1.072638832638398432e+00
1.059239076221295761e+00
1.058108738156645190e+00
1.060266918665261349e+00
1.047533282117445674e+00
1.032719219730642068e+00
1.030273096435611713e+00
1.034048464104709408e+00
1.013079278053697907e+00
1.019019146021631350e+00
1.016722720179971784e+00
1.017117903660218037e+00
1.005589478658288405e+00
1.016028426117282724e+00
1.033732179275783647e+00
1.027207174209758600e+00
1.027832677246465876e+00
1.030142133211484845e+00
1.035066839353688817e+00
1.047784270670250262e+00
1.039800581208983221e+00
1.042548627595109467e+00
1.041169601761288366e+00
1.049128926236427839e+00
1.051304849463916780e+00
1.056775924280697110e+00
1.064994891891116735e+00
1.064330607745893165e+00
1.060862004435993766e+00
1.036912350689724871e+00
1.031729860784577291e+00
1.027955757695765637e+00
1.015038401798059153e+00
1.017165082989092362e+00
1.018212802730350752e+00
1.024467213334998794e+00
1.010488761179437978e+00
1.004242003603467159e+00
9.980541081622306132e-01
9.988736614028428384e-01
9.849417873042809468e-01
9.820894519918383914e-01
9.778388448419322865e-01
9.776740929749661024e-01
9.835754831433850542e-01
9.806910182812190735e-01
9.777580117236954749e-01
9.829182855164778632e-01
9.780362179509640708e-01
9.780362179509638487e-01
9.729265164959437495e-01
1.000150817603236320e+00
9.816001802316338676e-01
9.982942500469434988e-01
9.913370397974855530e-01
9.935347757941437319e-01
9.894675942713451189e-01
9.993226297533540636e-01
1.007402080078531492e+00
1.021551525728452203e+00
1.028187629415417970e+00
1.041636645489793400e+00
1.043517559969798336e+00
1.042205921234956367e+00
1.040316226741870631e+00
1.040316226741870409e+00
1.044242892416068269e+00
1.051207988701679641e+00
1.047702068560694588e+00
1.051870687149999650e+00
1.036283737494433810e+00
1.021969691381849676e+00
1.029320269712485691e+00
1.023661919501091422e+00
1.025268424521832200e+00
1.047178852323798370e+00
1.051202051073954591e+00
1.054977665905282747e+00
1.047460550315961525e+00
1.055227177088713164e+00
1.059609797995183733e+00
1.073230084371499027e+00
1.079260047355339536e+00
1.083254642150535796e+00
1.088674452739220477e+00
1.092858667605254519e+00
1.095933867238857218e+00
1.102722499127881006e+00
1.106316305973407355e+00
1.097007641708888981e+00
1.100051624643345383e+00
1.113825601942923127e+00
1.107979987168941971e+00
1.102436277907051343e+00
1.094246530304824772e+00
1.099656628489991128e+00
1.104960833125975483e+00
1.095741874223091994e+00
1.089739835638973586e+00
1.053494010207386644e+00
1.073043973767616510e+00
1.099029868890054384e+00
1.102479492353035884e+00
1.120579684850294910e+00
1.119537940249537122e+00
1.121711456362524117e+00
1.117545061995278033e+00
1.118985758059377389e+00
1.107151238487812828e+00
1.110917758868039229e+00
1.124734114149042119e+00
1.124734114149041897e+00
1.126928406235625957e+00
1.138166070367498506e+00
1.146801658319347883e+00
1.152558271395379697e+00
1.157968702623953128e+00
1.160400055802112584e+00
1.164097812474398808e+00
1.164544629474790316e+00
1.151791793894770821e+00
1.148936684749645165e+00
1.144683126154113051e+00
1.151967649400181815e+00
1.162324079103287167e+00
1.170372339349824209e+00
1.181878989316679007e+00
1.183271234942480543e+00
1.190585679724550650e+00
1.189228440366566053e+00
1.190189658607818224e+00
1.174740837746697908e+00
1.179385259617919735e+00
1.190810670428980922e+00
1.168657510345171957e+00
1.158304684550468533e+00
1.158382683028335691e+00
1.149424236787893072e+00
1.139413207713956933e+00
1.125051528199018547e+00
1.134409711799063025e+00
1.161975001643126060e+00
1.166790045486548744e+00
1.167302458489639205e+00
1.151997406700107751e+00
1.166821781031881056e+00
1.184611124597878762e+00
1.180309145584894415e+00
1.185084519077246101e+00
1.200588485092741520e+00
1.200551177176287343e+00
1.197911840308980569e+00
1.182054023161086986e+00
1.181127624660644804e+00
1.181771187015588032e+00
1.157509711266407004e+00
1.143568320142941852e+00
1.137642425466354856e+00
1.136229695367510617e+00
1.102557878063402219e+00
1.101984329400553131e+00
1.104530701404395909e+00
1.077434211786774787e+00
1.094913993247590644e+00
1.119753541757477544e+00
1.121558442179899862e+00
1.140503330038789676e+00
1.148017659057920969e+00
1.165226620027907112e+00
1.151646229717967485e+00
1.157908421362359830e+00
1.145898647063784193e+00
1.130116470333392353e+00
1.145619061599084665e+00
1.145887431901465359e+00
1.139340611517453139e+00
1.144934395678115946e+00
1.156951889256766508e+00
1.165335680081954539e+00
1.165249754635632184e+00
1.172951225722229429e+00
1.183790131183784844e+00
1.178333477430920651e+00
1.174289158617241036e+00
1.176731663672984984e+00
1.170507234068663971e+00
1.189762773761902093e+00
1.189801444123561147e+00
1.195978932199736056e+00
1.218289121470957470e+00
1.216622385922686123e+00
1.216622385922685901e+00
1.240812368639065078e+00
1.252489157371004191e+00
1.251952532470491208e+00
1.245755228708318008e+00
1.223249493318657510e+00
1.223249493318657288e+00
1.227509150352351419e+00
1.218284211810197304e+00
1.203660811399752006e+00
1.199097270025527129e+00
1.213811742651708769e+00
1.221475937431017567e+00
1.223966310201173302e+00
1.235565675300939192e+00
1.237886597994799276e+00
1.239003794194604602e+00
1.250076832143812267e+00
1.250076832143812045e+00
1.246225765646296058e+00
1.235703014008347589e+00
1.220539693207359333e+00
1.202146011359840116e+00
1.196799599059130248e+00
1.203496992251734454e+00
1.193294994863862035e+00
1.183997844084956119e+00
1.146112793029007371e+00
1.156072896459770183e+00
1.186579961298001251e+00
1.175633955266696118e+00
1.171881675998955208e+00
1.110601859018361726e+00
1.121426823419696017e+00
1.145462140934807360e+00
1.158642786717984707e+00
1.161004042048678686e+00
1.132784087547929364e+00
1.143267121222039995e+00
1.151114265199836062e+00
1.165983086536971802e+00
1.173728979172688813e+00
1.183170589179325827e+00
1.187490101203953818e+00
1.203444966737066579e+00
1.196779992735776288e+00
1.200193347092889606e+00
1.175015955995842631e+00
1.184604995506535863e+00
1.179906799393359185e+00
1.180107577795820539e+00
1.170497549733946707e+00
1.185990887690665296e+00
1.176609538304068892e+00
1.161065031639237466e+00
1.181888804096464796e+00
1.189272494673870195e+00
1.197365557973864680e+00
1.201497162655241091e+00
1.198799268266219187e+00
1.202702347085363721e+00
1.202702347085363499e+00
1.186017781285412243e+00
1.188525326265884363e+00
1.181975477437287703e+00
1.137120365503456298e+00
1.141667889642179912e+00
1.126243746711282023e+00
1.141788762725992390e+00
1.139564325369655906e+00
1.141535983096246598e+00
1.158933648731246047e+00
1.139176905838427567e+00
1.138314264585988278e+00
1.135996684056232775e+00
1.142497669735494936e+00
1.136896429163890776e+00
1.115596800253118248e+00
1.148213585222191080e+00
1.128623249960786001e+00
1.115503991445030874e+00
1.118878491291567467e+00
1.112595139871614514e+00
1.102715900069662913e+00
1.088971356445501470e+00
1.079617696505039692e+00
1.070909736941975776e+00
1.031431439376474746e+00
1.063045947339191999e+00
1.061827421309595731e+00
1.077303004431338307e+00
1.077096776999933336e+00
1.080848279441189330e+00
1.053485926278410423e+00
1.056211791169420877e+00
1.059254902307877888e+00
1.045166537589700351e+00
1.031586284564359302e+00
1.034455929863103529e+00
