1.000000000000000000e+00
9.999999999999997780e-01
1.015662101804723161e+00
1.001530129551196691e+00
1.010450524652368731e+00
1.013837556596665301e+00
1.008550568153855798e+00
9.851324409386366110e-01
9.844736549768662304e-01
9.704726413742692515e-01
8.673917060173061966e-01
9.171113687155033611e-01
9.094089979205214336e-01
8.640741498584851854e-01
8.931401926526860713e-01
8.697710513471991201e-01
8.610057376997798384e-01
8.750745774863923909e-01
8.754339341998680357e-01
9.080476699478275959e-01
8.958860770555130415e-01
8.886075904842963835e-01
8.983918921131914814e-01
8.444059105271284338e-01
8.411210749713698975e-01
8.066099911591452232e-01
8.172733612421626548e-01
8.411725579768504213e-01
8.599191128426754149e-01
8.561738666082867599e-01
8.679440761254679781e-01
8.678464822255522737e-01
8.426845852017608163e-01
8.585978963442130185e-01
8.419459863282218182e-01
8.299427063840243424e-01
8.339442196756809977e-01
8.250562178955369586e-01
8.363422418563262184e-01
8.548712608349181563e-01
8.777323465993680518e-01
8.756943234799017262e-01
8.881844723249374685e-01
8.875167916861094186e-01
8.776513280700546371e-01
8.789498825396953041e-01
8.734535317069582749e-01
8.585097406970341183e-01
8.561362836560383327e-01
8.494080148596541147e-01
8.511900386459358980e-01
8.631615107163201905e-01
