1.000000000000000000e+00
9.999999999999998890e-01
1.012285494339232317e+00
1.016559873835029437e+00
1.024437991399892667e+00
1.040456260012748047e+00
1.047994181128515168e+00
1.043353227981075548e+00
1.052467908279185904e+00
1.026548242881925699e+00
1.025484434400624201e+00
1.033174327625055788e+00
1.015615182629860946e+00
1.015162194301512111e+00
1.002995152381921828e+00
9.599876661739301653e-01
1.005523245496150686e+00
9.737260482475066370e-01
9.859843123564635547e-01
1.002376051497281928e+00
1.010221240159957956e+00
1.010092081916379891e+00
1.028308695610699486e+00
1.032965634729819504e+00
1.030864435508912047e+00
1.017356353673020353e+00
1.025543650254532979e+00
1.046362490243703647e+00
1.048146351800289588e+00
1.039376888878856819e+00
1.034351886196526182e+00
1.038339419012739295e+00
1.043643184377797128e+00
1.048127415909629878e+00
1.029165919860562495e+00
1.042904980024226713e+00
1.041918644558215812e+00
1.066861776414296470e+00
1.076837190136356925e+00
1.075450107841370295e+00
1.068081747507740431e+00
1.086825159516387584e+00
1.084581712220220151e+00
1.089638391920720650e+00
1.094672455300782499e+00
1.099482453548939809e+00
1.097245005721511957e+00
1.094328733726545932e+00
1.080176040053043351e+00
1.064573293796899911e+00
1.061752364548087746e+00
1.057575428858754440e+00
1.075200615976781515e+00
1.072261335854966191e+00
1.072261335854965969e+00
1.080347653487444548e+00
1.085242861950022286e+00
1.087110557345027040e+00
1.113855147511114474e+00
1.118130665965345161e+00
1.141018799995983546e+00
1.127207256290654103e+00
1.130917009836907461e+00
1.136007593912276903e+00
1.142492408401059922e+00
1.147255537589798147e+00
1.143880843065773645e+00
1.129476285796247259e+00
1.138383812216756441e+00
1.146561666513059130e+00
1.120819260789087002e+00
1.094083882914752559e+00
1.093836023272078961e+00
1.088672531356706719e+00
1.075263620407458820e+00
1.073764756434012702e+00
1.081394489503653356e+00
1.093462249501886641e+00
1.095165749305187619e+00
1.093082687352933569e+00
1.048864483510367984e+00
1.030814152651590598e+00
1.028825099323881442e+00
1.054145310364960730e+00
1.067157249188866119e+00
1.087532893458802663e+00
1.079400342139093638e+00
1.092753390826267657e+00
1.102285855239949264e+00
1.094685457299596321e+00
1.085256638258572659e+00
1.065856778645526859e+00
1.062706075302976227e+00
1.061802330326337751e+00
1.069423077974988256e+00
1.083482305173989690e+00
1.088818133085569295e+00
1.080129157846319243e+00
1.080018089399698233e+00
1.084398499406050709e+00
1.123940794582837910e+00
1.138918610912837304e+00
1.142435945176785150e+00
1.138446275088558224e+00
1.131030509356744318e+00
1.126384293065424202e+00
1.132532704430152082e+00
1.129127574119618060e+00
1.128522057878695639e+00
1.117336842393456209e+00
1.120191769589888420e+00
1.122496744916996025e+00
1.108451119265033258e+00
1.109374470392423762e+00
1.109170615626150935e+00
1.123950212239426039e+00
1.125626972793104308e+00
1.127680486577546493e+00
1.134589870760092989e+00
1.138396959727258073e+00
1.133870321732894926e+00
1.134015789694494236e+00
1.142918034872625554e+00
1.141526748497060151e+00
1.133918362017492854e+00
1.135291481185713991e+00
1.149989676833042873e+00
1.144571584924233720e+00
1.132764966575096732e+00
1.129622541414156300e+00
1.134370659910941992e+00
1.137042299262587042e+00
1.140204121471595888e+00
1.134644340671381091e+00
1.105299065717091134e+00
1.108143487240529357e+00
1.122797636527624432e+00
1.137807532145327594e+00
1.145786791469474597e+00
1.121116431470664532e+00
1.120839247608227840e+00
1.107247229817370116e+00
1.096639247436723696e+00
1.135827566110590103e+00
1.126151604659581862e+00
1.137312796095642176e+00
1.141885895787842387e+00
1.120910768582890737e+00
1.116326158808550462e+00
1.098710772191821450e+00
1.085494845972036604e+00
1.060218348160190338e+00
1.094260232049973247e+00
1.093773547535393353e+00
1.074820663823472300e+00
1.092077166512563702e+00
1.121721913843308771e+00
1.113978269872661686e+00
1.126859974546713161e+00
1.113772212044648491e+00
1.128808053702765601e+00
1.118728384095997619e+00
1.120992764905885064e+00
1.132135475594117757e+00
1.110964164149712774e+00
1.129298197258115533e+00
1.139651188849214236e+00
1.144332835302726448e+00
1.157826775503536521e+00
1.170903168271599126e+00
1.176800971184803979e+00
1.179469178922213368e+00
1.182627901671177595e+00
1.184535512724222306e+00
1.184142565776293621e+00
1.168662002908353204e+00
1.190651727079532707e+00
1.192894578817397688e+00
1.163655759608996698e+00
1.153812191816299348e+00
1.172243670794399062e+00
1.176056813211103114e+00
1.166162823489270250e+00
1.187073041882371394e+00
1.205036322968953577e+00
1.201594792516602617e+00
1.198524452231621407e+00
1.215734266162166399e+00
1.219730987434875402e+00
1.222119720721346336e+00
1.203720810308715805e+00
1.214308254003813925e+00
1.224601914711276107e+00
1.220165991058149269e+00
1.246192574644381601e+00
1.253065325499712612e+00
1.259436453211806306e+00
1.271064709162682993e+00
1.272232370163289827e+00
1.274112484344260388e+00
1.277215992766197905e+00
1.280935130228052277e+00
1.269578676019337049e+00
1.283733379964712595e+00
1.284741091660016821e+00
1.286303240726150321e+00
1.279851777609190888e+00
1.276038171624475970e+00
1.256152447407514750e+00
1.252861233834999366e+00
1.249522803677453497e+00
1.257589158753459779e+00
1.264503519395784537e+00
1.272726766830180711e+00
1.279760515951784416e+00
1.284174367340175316e+00
1.268819166927759534e+00
1.260270126761790399e+00
1.250675246523625939e+00
1.229584787236997157e+00
1.257821311401849274e+00
1.243546391289374276e+00
1.265761733045739801e+00
1.292353862427962463e+00
1.278704883715509943e+00
1.264571225258484199e+00
1.272693020360331939e+00
1.272364800651441197e+00
1.272280099047747859e+00
1.278289826515210281e+00
1.307246800864095837e+00
1.308558593063521069e+00
1.317428968572526005e+00
1.320117384567874863e+00
1.312332502247061550e+00
1.316914799719521634e+00
1.321209880753348553e+00
1.328982849225055274e+00
1.331113200507655137e+00
1.320394683290760041e+00
1.334536059695323074e+00
1.343026657382258682e+00
1.351831000787760972e+00
1.370238113559175019e+00
1.393207745503914907e+00
1.403125183202031723e+00
1.410245381771492390e+00
1.406336328360981769e+00
1.398313753348642052e+00
1.416833247046504818e+00
1.434694324448044123e+00
1.452637645144674527e+00
1.445535360351512422e+00
1.446463061347836643e+00
1.432142496506055851e+00
1.396859038907465322e+00
1.400569993575597527e+00
1.408531120159151939e+00
1.406275636052907618e+00
1.403378791711191953e+00
1.424804184971927512e+00
1.405834519016170070e+00
1.403517136626724504e+00
1.399808375094616419e+00
1.412465379074368199e+00
1.430457545831817612e+00
1.438513952835838605e+00
1.429151324671795509e+00
1.427363894681950462e+00
1.416866186795503912e+00
1.405053223829154874e+00
1.398721783649846895e+00
1.394969327260335845e+00
1.382891557379909431e+00
1.389233719520370336e+00
1.410065154016598266e+00
1.404944756065276801e+00
1.378839944071772905e+00
1.353132523124353614e+00
1.394688803528306265e+00
1.393670561998304747e+00
1.386455800919535353e+00
1.390118782368376715e+00
1.382916316292922332e+00
1.406914809593893700e+00
1.417627439557916924e+00
1.411077176325316263e+00
1.401450605940842475e+00
1.383783436826902857e+00
1.382209084386659903e+00
1.364480516907296881e+00
1.385238319790217387e+00
1.388518709974542853e+00
1.380504692286079083e+00
1.359127377356348365e+00
1.353090479418635361e+00
1.354801768664879447e+00
1.345367246716941967e+00
1.370410094775867949e+00
1.375698734534816392e+00
1.385767055581070828e+00
1.374705370045315567e+00
1.372689373020383741e+00
1.391951602545254962e+00
1.401637630770883769e+00
1.416530296912714260e+00
1.417576087047074829e+00
1.435795919722637093e+00
1.430952623644254906e+00
1.420123614273899992e+00
1.415524731152076443e+00
1.435444552658811324e+00
1.444141899402353157e+00
1.433086379608952576e+00
1.437052364233247337e+00
1.427152222616188348e+00
1.433018587529404586e+00
1.421629707759193506e+00
1.412661718204080596e+00
1.397481677764838226e+00
1.405030153731775977e+00
1.380579933574427098e+00
1.356045653760874492e+00
1.325968594299237635e+00
1.337794556531634704e+00
1.365756515153069728e+00
1.351358555010738760e+00
1.327878334644655878e+00
1.307965829482871767e+00
1.316705259356421243e+00
1.316218411705171842e+00
1.292714316039450972e+00
1.297972442955440675e+00
1.314610677661657956e+00
1.325917079279018029e+00
1.334560054150129238e+00
1.354015788842823698e+00
1.361318161700740825e+00
1.374848107634785377e+00
1.356259862245090098e+00
1.333819645144906252e+00
1.318295815398287774e+00
1.318295815398287330e+00
1.318295815398286663e+00
1.331802545655072167e+00
1.329294307811647480e+00
1.333183565245840585e+00
1.352405696202943153e+00
1.349770325429614504e+00
1.349770325429613838e+00
1.349770325429612949e+00
1.357808133880397783e+00
1.374019508739213302e+00
1.377823573564524118e+00
1.362900755266720054e+00
1.359199662302724265e+00
1.360789499132878611e+00
1.357565123183918976e+00
1.367087438713307845e+00
1.375637636533424857e+00
1.365507813755560074e+00
1.410551836882746990e+00
1.408986904003674656e+00
1.406136225011859198e+00
1.425437012480065935e+00
1.437134976246785101e+00
1.448706302906625609e+00
1.460991916798684676e+00
1.471996707293713236e+00
1.470308135875992628e+00
1.461581912990461474e+00
1.448105109938951918e+00
1.443307984594938809e+00
1.431511364489710614e+00
1.430843104563082058e+00
1.424025095528145712e+00
1.425668456842031029e+00
1.432104416233454192e+00
1.434084744444092507e+00
1.448099546929094483e+00
1.448196878139593968e+00
1.453944816865142764e+00
1.447491777735394392e+00
1.427805898482741531e+00
1.438243373772545963e+00
1.435069704391872758e+00
1.413847459582283861e+00
1.411519203812960255e+00
1.413024213790971650e+00
1.487760974462193131e+00
1.475950268142845134e+00
1.480377677250112045e+00
1.454206335223535929e+00
1.475834682658629049e+00
1.454659445173011489e+00
1.454140945575747912e+00
1.448438240324495752e+00
1.424739164540902658e+00
1.412808751436330779e+00
1.421094814170298593e+00
1.425267999140457542e+00
1.457130611609754212e+00
1.456012961145509932e+00
1.475087428673883538e+00
1.469710619100327520e+00
1.464326609454001726e+00
1.493112802413819384e+00
1.463814563322979989e+00
1.473482348358269522e+00
1.495435469163172604e+00
1.476986969289660445e+00
1.497683214355941095e+00
1.495013116451855861e+00
1.496822002117246031e+00
1.468292531033646764e+00
1.458655117459036976e+00
1.467104001175780104e+00
1.446010976892031730e+00
1.422521116273929964e+00
1.426132332550371196e+00
1.434754843909913591e+00
1.442570848165872111e+00
1.436305727312769731e+00
1.431235534094585704e+00
1.442227798974507369e+00
1.481038644803858384e+00
1.472224562766643041e+00
1.463024251710566714e+00
1.471583110897781710e+00
1.476282623654258774e+00
1.463129166964266981e+00
1.441186832470518375e+00
1.417595977221097758e+00
1.397692293247502660e+00
1.378042306555716134e+00
1.364792718788992332e+00
1.393458267018943264e+00
1.374329079548364252e+00
1.366404630662008346e+00
1.343332572988449325e+00
1.351566582693617402e+00
1.367538943949263341e+00
1.387973662985933831e+00
1.392299427862092376e+00
1.370311708367189185e+00
1.368402645766254810e+00
1.339377869716550373e+00
1.358718782421374893e+00
1.367018031307298820e+00
1.370846187214288969e+00
1.363110380057387605e+00
1.328503727896325426e+00
1.294041679491061858e+00
1.322150797013813550e+00
1.247553464878489171e+00
1.293619534406237115e+00
1.288517496046818867e+00
1.327334335761841455e+00
1.325419823648321893e+00
1.362929790862099422e+00
1.380646270718722812e+00
1.389262134352611699e+00
1.350577239717426048e+00
1.357063569866551411e+00
1.353163228561637510e+00
1.369448995181111073e+00
1.370121657877809263e+00
1.338723819336737453e+00
1.355115103196396831e+00
1.413967060368895190e+00
1.416548864228263538e+00
1.465195951003030128e+00
1.517893095837060002e+00
1.458458533823376868e+00
1.416692068402905624e+00
1.463609247567428495e+00
1.497153248690209271e+00
1.447033899173046700e+00
1.454788292869964472e+00
1.475440000256458717e+00
1.460071031787526952e+00
1.452145384212602863e+00
1.473655438718499910e+00
1.453545677904847899e+00
1.446751568016189982e+00
1.422976268832969016e+00
1.343208349274931379e+00
1.391534321527676310e+00
1.411918529742571149e+00
1.411914786313377856e+00
1.396872910463834216e+00
1.400581523528438010e+00
1.378786525423805420e+00
1.347965426489467378e+00
1.341474770373318526e+00
1.356178839327780494e+00
1.382330172441485816e+00
1.355440414827391749e+00
1.399075290280646477e+00
1.399699400435955976e+00
1.420961226343566919e+00
1.430368443557138880e+00
