1.000000000000000000e+00
9.999999999999998890e-01
1.012285494339232317e+00
1.016559873835029437e+00
1.024437991399892667e+00
1.040456260012748269e+00
1.047994181128515390e+00
1.043353227981075992e+00
1.052467908279186348e+00
1.026548242881926143e+00
1.025484434400625089e+00
1.033174327625057121e+00
1.015615182629862057e+00
1.015162194301513221e+00
1.002995152381922939e+00
9.599876661739312755e-01
1.005523245496151796e+00
9.737260482475077472e-01
9.859843123564646650e-01
1.002376051497283038e+00
1.010221240159959066e+00
1.010092081916381002e+00
1.028308695610700596e+00
1.032965634729820614e+00
1.030864435508913157e+00
1.017356353673021463e+00
1.025543650254534089e+00
1.046362490243704757e+00
1.048146351800290699e+00
1.039376888878857930e+00
1.034351886196527293e+00
1.038339419012740628e+00
1.043643184377798461e+00
1.048127415909631210e+00
1.029165919860563827e+00
1.042904980024228045e+00
1.041918644558216922e+00
1.066861776414297580e+00
1.076837190136358036e+00
1.075450107841371183e+00
1.068081747507741319e+00
1.086825159516388473e+00
1.084581712220221039e+00
1.089638391920721538e+00
1.094672455300782943e+00
1.099482453548940697e+00
1.097245005721512623e+00
1.094328733726546821e+00
1.080176040053044240e+00
1.064573293796900355e+00
1.061752364548087746e+00
1.057575428858754440e+00
1.075200615976781293e+00
1.072261335854966191e+00
1.072261335854965969e+00
1.080347653487444770e+00
1.085242861950022508e+00
1.087110557345027262e+00
1.113855147511114918e+00
1.118130665965346049e+00
1.141018799995984212e+00
1.127207256290654547e+00
1.130917009836908127e+00
1.136007593912277791e+00
1.142492408401061033e+00
1.147255537589799479e+00
1.143880843065774533e+00
1.129476285796248147e+00
1.138383812216757107e+00
1.146561666513060018e+00
1.120819260789087668e+00
1.094083882914753003e+00
1.093836023272079405e+00
1.088672531356706719e+00
1.075263620407458820e+00
1.073764756434012702e+00
1.081394489503653134e+00
1.093462249501886419e+00
1.095165749305187175e+00
1.093082687352933347e+00
1.048864483510367762e+00
1.030814152651590376e+00
1.028825099323880776e+00
1.054145310364959842e+00
1.067157249188865231e+00
1.087532893458801553e+00
1.079400342139092306e+00
1.092753390826266546e+00
1.102285855239947931e+00
1.094685457299594766e+00
1.085256638258571105e+00
1.065856778645525083e+00
1.062706075302974451e+00
1.061802330326336197e+00
1.069423077974986702e+00
1.083482305173988580e+00
1.088818133085568185e+00
1.080129157846318355e+00
1.080018089399697345e+00
1.084398499406049821e+00
1.123940794582837244e+00
1.138918610912836638e+00
1.142435945176784262e+00
1.138446275088557558e+00
1.131030509356743652e+00
1.126384293065423536e+00
1.132532704430151416e+00
1.129127574119617616e+00
1.128522057878695639e+00
1.117336842393456653e+00
1.120191769589888864e+00
1.122496744916996469e+00
1.108451119265033258e+00
1.109374470392423540e+00
1.109170615626150491e+00
1.123950212239425595e+00
1.125626972793103864e+00
1.127680486577545604e+00
1.134589870760091435e+00
1.138396959727256963e+00
1.133870321732893593e+00
1.134015789694492904e+00
1.142918034872624222e+00
1.141526748497058819e+00
1.133918362017491521e+00
1.135291481185712881e+00
1.149989676833041985e+00
1.144571584924232832e+00
1.132764966575095844e+00
1.129622541414155634e+00
1.134370659910941548e+00
1.137042299262586598e+00
1.140204121471595666e+00
1.134644340671380869e+00
1.105299065717090912e+00
1.108143487240529357e+00
1.122797636527624210e+00
1.137807532145327372e+00
1.145786791469474375e+00
1.121116431470664532e+00
1.120839247608228062e+00
1.107247229817370116e+00
1.096639247436723696e+00
1.135827566110589881e+00
1.126151604659580752e+00
1.137312796095641509e+00
1.141885895787841720e+00
1.120910768582890515e+00
1.116326158808550018e+00
1.098710772191821006e+00
1.085494845972036382e+00
1.060218348160190116e+00
1.094260232049973025e+00
1.093773547535393131e+00
1.074820663823471634e+00
1.092077166512562592e+00
1.121721913843307439e+00
1.113978269872660576e+00
1.126859974546712273e+00
1.113772212044647825e+00
1.128808053702764713e+00
1.118728384095996731e+00
1.120992764905884398e+00
1.132135475594116869e+00
1.110964164149712330e+00
1.129298197258114866e+00
1.139651188849213570e+00
1.144332835302725782e+00
1.157826775503535854e+00
1.170903168271598238e+00
1.176800971184803091e+00
1.179469178922212036e+00
1.182627901671175819e+00
1.184535512724220307e+00
1.184142565776291622e+00
1.168662002908351427e+00
1.190651727079530930e+00
1.192894578817395912e+00
1.163655759608994700e+00
1.153812191816297794e+00
1.172243670794397508e+00
1.176056813211101337e+00
1.166162823489268474e+00
1.187073041882370061e+00
1.205036322968952023e+00
1.201594792516601284e+00
1.198524452231620074e+00
1.215734266162164845e+00
1.219730987434874070e+00
1.222119720721345448e+00
1.203720810308715139e+00
1.214308254003813037e+00
1.224601914711275663e+00
1.220165991058148602e+00
1.246192574644380713e+00
1.253065325499711946e+00
1.259436453211805418e+00
1.271064709162682327e+00
1.272232370163289605e+00
1.274112484344260166e+00
1.277215992766197905e+00
1.280935130228052277e+00
1.269578676019336605e+00
1.283733379964712151e+00
1.284741091660016377e+00
1.286303240726149877e+00
1.279851777609190444e+00
1.276038171624475748e+00
1.256152447407513861e+00
1.252861233834998700e+00
1.249522803677452831e+00
1.257589158753458891e+00
1.264503519395783204e+00
1.272726766830178935e+00
1.279760515951782640e+00
1.284174367340173761e+00
1.268819166927757980e+00
1.260270126761788623e+00
1.250675246523624162e+00
1.229584787236995158e+00
1.257821311401847275e+00
1.243546391289372499e+00
1.265761733045738024e+00
1.292353862427960687e+00
1.278704883715507723e+00
1.264571225258481979e+00
1.272693020360329497e+00
1.272364800651438754e+00
1.272280099047744528e+00
1.278289826515206951e+00
1.307246800864092284e+00
1.308558593063517073e+00
1.317428968572521564e+00
1.320117384567870644e+00
1.312332502247057775e+00
1.316914799719517859e+00
1.321209880753344557e+00
1.328982849225051499e+00
1.331113200507651362e+00
1.320394683290756044e+00
1.334536059695319521e+00
1.343026657382255573e+00
1.351831000787757198e+00
1.370238113559171467e+00
1.393207745503910910e+00
1.403125183202027726e+00
1.410245381771489503e+00
1.406336328360978882e+00
1.398313753348640054e+00
1.416833247046503486e+00
1.434694324448042790e+00
1.452637645144672529e+00
1.445535360351510201e+00
1.446463061347833978e+00
1.432142496506052742e+00
1.396859038907461992e+00
1.400569993575593974e+00
1.408531120159148164e+00
1.406275636052904066e+00
1.403378791711188844e+00
1.424804184971923959e+00
1.405834519016166295e+00
1.403517136626721618e+00
1.399808375094613311e+00
1.412465379074364868e+00
1.430457545831814059e+00
1.438513952835835719e+00
1.429151324671792622e+00
1.427363894681947576e+00
1.416866186795500138e+00
1.405053223829151321e+00
1.398721783649843120e+00
1.394969327260332514e+00
1.382891557379906100e+00
1.389233719520366561e+00
1.410065154016594713e+00
1.404944756065273248e+00
1.378839944071769352e+00
1.353132523124350506e+00
1.394688803528303156e+00
1.393670561998301638e+00
1.386455800919531800e+00
1.390118782368373163e+00
1.382916316292918779e+00
1.406914809593889704e+00
1.417627439557912705e+00
1.411077176325312710e+00
1.401450605940838701e+00
1.383783436826899527e+00
1.382209084386655906e+00
1.364480516907293106e+00
1.385238319790213390e+00
1.388518709974538856e+00
1.380504692286075530e+00
1.359127377356344146e+00
1.353090479418631142e+00
1.354801768664875006e+00
1.345367246716937526e+00
1.370410094775864174e+00
1.375698734534812395e+00
1.385767055581067053e+00
1.374705370045312014e+00
1.372689373020380632e+00
1.391951602545252520e+00
1.401637630770881326e+00
1.416530296912711817e+00
1.417576087047072608e+00
1.435795919722635317e+00
1.430952623644253352e+00
1.420123614273898216e+00
1.415524731152074223e+00
1.435444552658809103e+00
1.444141899402351381e+00
1.433086379608951244e+00
1.437052364233246227e+00
1.427152222616186572e+00
1.433018587529402588e+00
1.421629707759191508e+00
1.412661718204078598e+00
1.397481677764835561e+00
1.405030153731773312e+00
1.380579933574425100e+00
1.356045653760872050e+00
1.325968594299234971e+00
1.337794556531631818e+00
1.365756515153067285e+00
1.351358555010736540e+00
1.327878334644653435e+00
1.307965829482868880e+00
1.316705259356418134e+00
1.316218411705168290e+00
1.292714316039447420e+00
1.297972442955436900e+00
1.314610677661654181e+00
1.325917079279013588e+00
1.334560054150124575e+00
1.354015788842819035e+00
1.361318161700736384e+00
1.374848107634780714e+00
1.356259862245086101e+00
1.333819645144902477e+00
1.318295815398284443e+00
1.318295815398284221e+00
1.318295815398284221e+00
1.331802545655069947e+00
1.329294307811645703e+00
1.333183565245838587e+00
1.352405696202941821e+00
1.349770325429613393e+00
1.349770325429613171e+00
1.349770325429612949e+00
1.357808133880397561e+00
1.374019508739213302e+00
1.377823573564523896e+00
1.362900755266718944e+00
1.359199662302723599e+00
1.360789499132877944e+00
1.357565123183918532e+00
1.367087438713307623e+00
1.375637636533424413e+00
1.365507813755559630e+00
1.410551836882746324e+00
1.408986904003673990e+00
1.406136225011858976e+00
1.425437012480065491e+00
1.437134976246784657e+00
1.448706302906625165e+00
1.460991916798684009e+00
1.471996707293712570e+00
1.470308135875991296e+00
1.461581912990460141e+00
1.448105109938950585e+00
1.443307984594937476e+00
1.431511364489709059e+00
1.430843104563080725e+00
1.424025095528144158e+00
1.425668456842029475e+00
1.432104416233452637e+00
1.434084744444090953e+00
1.448099546929092929e+00
1.448196878139592636e+00
1.453944816865141432e+00
1.447491777735392837e+00
1.427805898482739755e+00
1.438243373772544187e+00
1.435069704391871426e+00
1.413847459582282751e+00
1.411519203812958478e+00
1.413024213790969874e+00
1.487760974462191355e+00
1.475950268142844246e+00
1.480377677250111157e+00
1.454206335223535040e+00
1.475834682658628161e+00
1.454659445173010379e+00
1.454140945575746802e+00
1.448438240324495085e+00
1.424739164540901326e+00
1.412808751436329668e+00
1.421094814170297260e+00
1.425267999140456210e+00
1.457130611609753768e+00
1.456012961145509488e+00
1.475087428673883538e+00
1.469710619100327964e+00
1.464326609454001948e+00
1.493112802413819828e+00
1.463814563322979989e+00
1.473482348358269522e+00
1.495435469163173048e+00
1.476986969289661111e+00
1.497683214355941761e+00
1.495013116451856527e+00
1.496822002117246475e+00
1.468292531033646320e+00
1.458655117459036976e+00
1.467104001175780104e+00
1.446010976892031286e+00
1.422521116273929298e+00
1.426132332550370529e+00
1.434754843909913147e+00
1.442570848165871666e+00
1.436305727312769509e+00
1.431235534094585704e+00
1.442227798974507591e+00
1.481038644803858606e+00
1.472224562766643041e+00
1.463024251710567158e+00
1.471583110897782820e+00
1.476282623654259218e+00
1.463129166964267647e+00
1.441186832470518597e+00
1.417595977221098202e+00
1.397692293247503104e+00
1.378042306555716578e+00
1.364792718788992554e+00
1.393458267018943930e+00
1.374329079548364696e+00
1.366404630662008568e+00
1.343332572988449325e+00
1.351566582693617402e+00
1.367538943949263563e+00
1.387973662985933609e+00
1.392299427862092154e+00
1.370311708367188963e+00
1.368402645766255032e+00
1.339377869716550373e+00
1.358718782421375115e+00
1.367018031307298598e+00
1.370846187214288303e+00
1.363110380057386717e+00
1.328503727896324760e+00
1.294041679491061636e+00
1.322150797013812440e+00
1.247553464878487617e+00
1.293619534406235339e+00
1.288517496046817090e+00
1.327334335761839013e+00
1.325419823648319673e+00
1.362929790862096757e+00
1.380646270718720370e+00
1.389262134352609035e+00
1.350577239717423605e+00
1.357063569866549413e+00
1.353163228561635734e+00
1.369448995181108852e+00
1.370121657877807264e+00
1.338723819336735898e+00
1.355115103196395276e+00
1.413967060368893192e+00
1.416548864228261095e+00
1.465195951003027908e+00
1.517893095837057338e+00
1.458458533823374426e+00
1.416692068402902960e+00
1.463609247567425831e+00
1.497153248690206606e+00
1.447033899173044480e+00
1.454788292869962252e+00
1.475440000256456941e+00
1.460071031787524953e+00
1.452145384212601309e+00
1.473655438718498356e+00
1.453545677904846567e+00
1.446751568016188871e+00
1.422976268832967905e+00
1.343208349274930047e+00
1.391534321527674978e+00
1.411918529742569817e+00
1.411914786313375636e+00
1.396872910463831552e+00
1.400581523528435568e+00
1.378786525423802978e+00
1.347965426489465157e+00
1.341474770373316527e+00
1.356178839327778274e+00
1.382330172441484040e+00
1.355440414827390194e+00
1.399075290280645145e+00
1.399699400435954644e+00
1.420961226343565587e+00
1.430368443557137992e+00
1.408535121466278239e+00
1.414797781516615949e+00
1.473118108224348743e+00
1.431683251543049096e+00
1.445716179650376354e+00
1.483806553688280072e+00
1.484076858625891893e+00
1.482992606749164111e+00
1.483804920529894877e+00
1.510763207827760857e+00
1.508604136648870053e+00
1.459624145851489807e+00
1.473445163258036761e+00
1.463455879376854840e+00
1.466093427996457699e+00
1.468542147648519869e+00
1.452156131361771907e+00
1.451023461146278226e+00
1.491666690884347002e+00
1.485024294867420380e+00
1.501064467207504638e+00
1.463580865850185653e+00
1.442287420334171566e+00
1.428592933969221601e+00
1.419134156204252539e+00
1.384789078189029521e+00
1.406953250319326054e+00
1.411019085903806758e+00
1.447811123377088727e+00
1.437261971872815458e+00
1.481754556568168457e+00
1.519480188042547697e+00
1.495493987570067462e+00
1.530939074130885258e+00
1.536255117351916999e+00
1.519206730200565403e+00
1.484641584514935220e+00
1.490223176545307116e+00
1.491008830229116011e+00
1.463583074305581322e+00
1.472045068562927828e+00
1.483002573907196808e+00
1.483578939424758714e+00
1.452209794184047720e+00
1.476066419720099665e+00
1.476977344470431275e+00
1.498008734785644780e+00
1.516357262753909474e+00
1.512409165420466994e+00
1.520442611990473702e+00
1.484649469526863719e+00
1.488203166595701177e+00
1.517822695046761705e+00
1.532438096694400009e+00
1.537852484635963135e+00
1.533377156952494769e+00
1.531764237065604606e+00
1.552972519192932666e+00
1.559985859979310385e+00
1.565536676782862680e+00
1.551805906353886932e+00
1.538694017586425433e+00
1.543768682196530628e+00
1.543914540709566019e+00
1.588318732715381598e+00
1.604599310175609306e+00
1.617170898546173241e+00
1.608986382599506104e+00
1.621728247729195660e+00
1.659054765160605127e+00
1.643313973321500754e+00
1.638925163077976421e+00
1.670247804405311287e+00
1.689750707679334552e+00
1.682436519695923227e+00
1.694939055167900888e+00
1.704432641942373206e+00
1.724261147213333567e+00
1.717455300610219338e+00
1.708805875516250516e+00
1.702849553136913885e+00
1.710791033274817741e+00
1.728943662746630361e+00
1.747048774971162510e+00
1.757840597065615018e+00
1.775813593469320884e+00
1.775813593469320884e+00
1.775813593469321994e+00
1.798308221020727737e+00
1.767474507729573041e+00
1.781206080948951387e+00
1.804362779356351920e+00
1.810522533018428915e+00
1.836029659300418393e+00
1.811785067246476588e+00
1.769532685444165532e+00
1.802517496394422825e+00
1.839523102941752919e+00
1.862605944572725436e+00
1.833282439084812143e+00
1.862820161971993516e+00
1.876300853484946130e+00
1.875969113177305081e+00
1.902167048318161413e+00
1.903539612674227666e+00
1.898017972423626354e+00
1.912113805822893031e+00
1.908737721251314579e+00
1.892356563290385374e+00
1.934737944558728939e+00
1.937872566087132542e+00
1.920949270418221833e+00
1.917014470260230308e+00
1.911064412631188425e+00
1.942551902821104903e+00
1.943564252921528679e+00
1.903353559484667556e+00
1.923546058977089634e+00
1.897626033559377756e+00
1.884115545909728295e+00
1.868997682420121764e+00
1.910975075425808134e+00
1.881460602744281507e+00
1.863092462403713068e+00
1.854726013190137746e+00
1.885506321750431535e+00
1.869025485357668215e+00
1.869723173254083104e+00
1.855691845206435930e+00
1.862216006855865968e+00
1.858268498868517637e+00
1.859334304487465284e+00
1.876133096421011004e+00
1.886231504988897356e+00
1.887922298397631815e+00
1.829178589913337705e+00
1.802951813191464359e+00
1.827424243615889177e+00
1.800159677511880219e+00
1.792562758893180730e+00
1.811409489693413866e+00
1.820423004308109327e+00
1.788055451185497580e+00
1.775461087743251731e+00
1.763049338318330106e+00
1.702662291006473039e+00
1.710068352080533316e+00
1.716888442981605367e+00
1.727996964641795197e+00
1.688749543801327579e+00
1.663245243711365839e+00
1.674630221545303499e+00
1.716999634499714267e+00
1.671775117075218420e+00
1.684607113577284876e+00
1.692650034691859151e+00
1.699618990864870893e+00
1.696206321267601513e+00
1.688940034275702162e+00
1.721990076220151655e+00
1.723211493660549598e+00
1.731342105154439315e+00
1.788676809253452404e+00
1.784743756696708372e+00
1.801026253072007366e+00
1.803414032120462585e+00
1.804950849220463560e+00
1.820058817329036849e+00
1.809911559687768401e+00
1.787079151829836343e+00
1.762349978420046703e+00
1.729810416876191859e+00
1.745523772318758438e+00
1.755167298887232885e+00
1.772939256534464159e+00
1.833189651614822058e+00
1.827446254946875293e+00
1.837705113738258289e+00
1.861694826847837270e+00
1.855456633458407945e+00
1.828883376065752575e+00
1.799844843430601582e+00
1.766469688546670858e+00
1.704980352412828415e+00
1.726451192322078887e+00
1.721640151271109254e+00
1.703162266325739305e+00
1.692300563345269682e+00
1.671282486956558122e+00
1.646263353126161233e+00
1.617208001577620013e+00
1.649870824978619588e+00
1.651591390360372058e+00
1.699997886806972502e+00
1.753044851769475887e+00
1.762696787426097700e+00
1.723143599043119423e+00
1.726602988120339077e+00
1.743711953874536480e+00
1.778686338648608922e+00
1.807158902420013202e+00
1.789022865555874198e+00
1.805942827424902086e+00
1.807569208411577977e+00
1.819900150268266792e+00
1.813983946970347594e+00
1.805466662160995606e+00
1.802494600933587376e+00
1.829037194898108121e+00
1.816002366972246485e+00
1.819094624069439448e+00
1.812786353222689995e+00
1.823244460834399616e+00
1.808241325967154367e+00
1.800559898662017266e+00
1.798651068725124924e+00
1.797569319401812304e+00
1.767881801246456108e+00
1.754552008651153017e+00
1.743989714962215887e+00
1.759510154815191241e+00
1.742932523381700571e+00
1.771882237102410107e+00
1.802479222263632552e+00
1.794829244468840956e+00
1.802747553047485241e+00
1.787321989070903561e+00
1.843098358810097759e+00
1.853306586905647757e+00
1.857062770454433354e+00
1.849980335345577043e+00
1.843309508565609489e+00
1.843789123487363568e+00
1.840257971708378015e+00
1.851244809607345942e+00
1.814934227593003602e+00
1.811564060501641871e+00
1.806209850282523011e+00
1.787975340082602838e+00
1.804082272636097661e+00
1.802369201343207550e+00
1.787710136706591291e+00
1.788160296836922791e+00
1.801570042418053186e+00
1.815354583414954259e+00
1.795092506502212748e+00
1.782068101122804560e+00
1.805375662406265125e+00
1.814332660668363406e+00
1.821761738017665611e+00
1.816876702535381805e+00
1.817639745796693962e+00
1.801755753114319569e+00
1.807124033162473387e+00
1.781145530715145142e+00
1.776268809323823916e+00
1.786751854483399349e+00
1.783442170248541458e+00
1.782401014290777130e+00
1.795113703984373643e+00
1.782376327194807875e+00
1.825207194497029839e+00
1.817172855515431396e+00
1.837354184890075182e+00
1.817841174098297596e+00
1.791172609314316322e+00
1.782853728314841790e+00
1.775319303817970429e+00
1.790732137695801196e+00
1.767730859387123488e+00
1.759658124958944470e+00
1.777251824887458698e+00
1.765879171802776426e+00
1.765438549175651683e+00
1.801605111019711547e+00
1.791283193597748902e+00
1.775616101432449412e+00
1.783952185602589502e+00
1.802370027620884496e+00
1.808232564434343770e+00
1.815192240460147266e+00
1.800893948882763551e+00
1.796014187743563806e+00
1.795512647630591152e+00
1.809557006530713164e+00
1.826292346835174607e+00
1.839873902490283264e+00
1.841739270454173294e+00
1.840861372745393520e+00
1.848025931101795916e+00
1.841651108191344921e+00
1.864149457700815304e+00
1.879123280164930243e+00
1.878812273394768750e+00
1.872188674458460156e+00
1.867965658597534162e+00
1.863711787517351448e+00
1.876241179161068251e+00
1.910959941536138018e+00
1.934603091656767138e+00
