1.000000000000000000e+00
9.999999999999997780e-01
1.000674007484563033e+00
1.003421483687785498e+00
1.009803759059844319e+00
1.008002478760015030e+00
1.007360336027486536e+00
1.015248750571164260e+00
1.012000102419574388e+00
1.002339172805099432e+00
9.949487554295163294e-01
9.999787751402811065e-01
1.010892762659645117e+00
1.019192362360716198e+00
1.013144991835372322e+00
1.009094400213018661e+00
1.009094400213018439e+00
1.009094400213018661e+00
1.006506367912017863e+00
1.003453031117161665e+00
1.015997569789260924e+00
1.016144175665540939e+00
1.008177134020559862e+00
1.006703564306115739e+00
9.974284949298810599e-01
9.870978588538752430e-01
9.910030046743061316e-01
9.898625211992365669e-01
9.993074457183765968e-01
1.004218565572575050e+00
1.000968763489768598e+00
1.011196579595584621e+00
1.021427184976279268e+00
1.025577278464991471e+00
1.024728469740720849e+00
1.029140632512524522e+00
1.029712389303494735e+00
1.020852298114040879e+00
1.023984326538746714e+00
1.024663059726426795e+00
1.033498934306156469e+00
1.029519981176408860e+00
1.034067946629535717e+00
1.021735010506442665e+00
1.018112806851646290e+00
1.024948208301992958e+00
1.043653779252977865e+00
1.047426712354098344e+00
1.059259328372106568e+00
1.054087371362335102e+00
1.057781049948865792e+00
1.064338578532373347e+00
1.070348063246676418e+00
1.056316255529136550e+00
1.045270157368603181e+00
1.041194562860612960e+00
1.042868254607923317e+00
1.045450737847838374e+00
1.038237667587753821e+00
1.029596180441591402e+00
1.034852481934657842e+00
1.035358415469435300e+00
1.029446771772770441e+00
1.012047300213526846e+00
1.015514641998208401e+00
1.020650795818583756e+00
1.032470455736662629e+00
1.028201340599288249e+00
1.032300087634920205e+00
1.015406905571913709e+00
1.015511713784303272e+00
1.036850237699978416e+00
1.036850237699977972e+00
1.036850237699977750e+00
1.049208410896584232e+00
1.047338779104223683e+00
1.051699211041370097e+00
1.050187833472709054e+00
1.049116534903376863e+00
1.050537871352173802e+00
1.064785175289695296e+00
1.066726517533096885e+00
1.067041690756207917e+00
1.060949544436703196e+00
1.065345293311576569e+00
1.071790253123318992e+00
1.080383956718703242e+00
1.084992411664690737e+00
1.100097336067935361e+00
1.095440724592533277e+00
1.104963143079882970e+00
1.096261806439126962e+00
1.096522670684816791e+00
1.087650226492693273e+00
1.114700762114440913e+00
1.118934771366958181e+00
1.105514805735656525e+00
1.105514805735656081e+00
1.105514805735655859e+00
1.105514805735655415e+00
1.105514805735654527e+00
1.109439661079162809e+00
1.117028708199835352e+00
1.108587941637284358e+00
1.118166923182458694e+00
1.130396690254423575e+00
1.125458384727739958e+00
1.124698558413028238e+00
1.130738323834328041e+00
1.125714918276642162e+00
1.128253311798958824e+00
1.128253311798958824e+00
1.128253311798958824e+00
1.125777279921265306e+00
1.130737064381876822e+00
1.120978112310481389e+00
1.120978112310481389e+00
1.120978112310481389e+00
1.127145719750729747e+00
1.124180492061174208e+00
1.124180492061174208e+00
1.124180492061174208e+00
1.119159738520098424e+00
1.147530280180860007e+00
1.139748596770579825e+00
1.127976961543333045e+00
1.131307785437486668e+00
1.117733108906107553e+00
1.115999158813947290e+00
1.129305780798575798e+00
1.120750089824375628e+00
1.114600710192422239e+00
1.115639697714103651e+00
1.128742677461824773e+00
1.139740040665997434e+00
1.146715849566424250e+00
1.144016735421768072e+00
1.151006980890191711e+00
1.152899714814068943e+00
1.149440670908525419e+00
1.155238754434907422e+00
1.149099162426511889e+00
1.148052971639702324e+00
1.142545034093964684e+00
1.158542601160877927e+00
1.152375072212534324e+00
1.163408596946104323e+00
1.166110152266117916e+00
1.164537716449839611e+00
1.170580729567116895e+00
1.174883056015233240e+00
1.174555784870242814e+00
1.176292635761213123e+00
1.201684644510150779e+00
1.199531628458694987e+00
1.203909907624644449e+00
1.213265564173381605e+00
1.196598447500648588e+00
1.205494815487693216e+00
1.195202904618026363e+00
1.188201950498930071e+00
1.191789643815584165e+00
1.187293293775190994e+00
1.178231683378466288e+00
1.190764077336076587e+00
1.200997831906116975e+00
1.207966809897145888e+00
1.217377523769743064e+00
1.222252393482957000e+00
1.221842413598595023e+00
1.251622957927456259e+00
1.263004045190553315e+00
1.260856998788478345e+00
1.265922504284356265e+00
1.276786404249266260e+00
1.287012123084839921e+00
1.267175289782338066e+00
1.257325459031962467e+00
1.247253534420277088e+00
1.274943177513457870e+00
1.274437299237206611e+00
1.271750842372220802e+00
1.259205982130220614e+00
1.257349220244793342e+00
1.257313860879220258e+00
1.254393942700886111e+00
1.259171729736936696e+00
1.240009793524359694e+00
1.237560532125359325e+00
1.242604261672011656e+00
1.242604261672011434e+00
1.242604261672011212e+00
1.242604261672010768e+00
1.256272581076880446e+00
1.268026954724223998e+00
1.278480108987739783e+00
1.270900421865659657e+00
1.270900421865659213e+00
1.270900421865658991e+00
1.264013254285444088e+00
1.254933547975836561e+00
1.254933547975836117e+00
1.254933547975835895e+00
1.242658534003398429e+00
1.253886788108112826e+00
1.267108228231857758e+00
1.269377941974894730e+00
1.272533931601919743e+00
1.269547555847940989e+00
1.259607914136565254e+00
1.230510055025886951e+00
1.217251286580667058e+00
1.219251664867475160e+00
1.182420804818596682e+00
1.185295709337585324e+00
1.184900065152594273e+00
1.157857530486349207e+00
1.185409890867800797e+00
1.172183580125067071e+00
1.172183580125066849e+00
1.172183580125066626e+00
1.172183580125066404e+00
1.172183580125066182e+00
1.188600872368130279e+00
1.191807171966844159e+00
1.191807171966843937e+00
1.191807171966843715e+00
1.168453733833849872e+00
1.178148205255926673e+00
1.148140769347010925e+00
1.168220848459335048e+00
1.154936314188503399e+00
1.133903968245447036e+00
1.141297814750908524e+00
1.159506125487945072e+00
1.152142988115868460e+00
1.165088743259052206e+00
1.172517818617262897e+00
1.176615230366917508e+00
1.181724530945495344e+00
1.181724530945494900e+00
1.181724530945494678e+00
1.173606399956497626e+00
1.173238937928622772e+00
1.196204639811469406e+00
1.218438848493764937e+00
1.221403556700312754e+00
1.222847880283940647e+00
1.205849165409005108e+00
1.217310163287957048e+00
1.214144292490677124e+00
1.219583519964811735e+00
1.204632132450351278e+00
1.211565872322304394e+00
1.196207932989866940e+00
1.177018369579630797e+00
1.173816788943974121e+00
1.171336921925288266e+00
1.201896143008820861e+00
1.206579844096413723e+00
1.192713202288016028e+00
1.218333267956339228e+00
1.218756540559724488e+00
1.222735156710331283e+00
1.237643929200048065e+00
1.246416429621077793e+00
1.242297307677975748e+00
1.227738464006450370e+00
1.244967472322908941e+00
1.236894820297297803e+00
1.251223027724554626e+00
1.231624184332100747e+00
1.235320136290489756e+00
1.247665189265070973e+00
1.235934180324947063e+00
1.238782560878548544e+00
1.253698849409264238e+00
1.253698849409263349e+00
1.253698849409262461e+00
1.258740279608163259e+00
1.256150369581427340e+00
1.251163284534636544e+00
1.255553421598093466e+00
1.246501224892271775e+00
1.255029643771911951e+00
1.254052780925966060e+00
1.254052780925965838e+00
1.254052780925965616e+00
1.259534358335192117e+00
1.258106031979761230e+00
1.262239137886585150e+00
1.267567660090665127e+00
1.261019807254041725e+00
1.248988506689452160e+00
1.238507222583088430e+00
1.242626044077602021e+00
1.240910366486158711e+00
1.255891016846691022e+00
1.261047020132813667e+00
1.259378588370683172e+00
1.263744783365876589e+00
1.263248754719261235e+00
1.254720890691920721e+00
1.271552335325000227e+00
1.277394330073991613e+00
1.262673930588497084e+00
1.265886309988527803e+00
1.292731675043237161e+00
1.302761302380951225e+00
1.303652808030514532e+00
1.306561015262145853e+00
1.303871481671206034e+00
1.301278176280666443e+00
1.311977064867773324e+00
1.321017587822413297e+00
1.321468210416310018e+00
1.321288045135556866e+00
1.329997948017742404e+00
1.332791305870185461e+00
1.342483378281396966e+00
1.341984672125082101e+00
1.345202309352159897e+00
1.328332743594218712e+00
1.341207241731249056e+00
1.341828789308172620e+00
1.346811437246951071e+00
1.354735626968835538e+00
1.353735821244893112e+00
1.357393240480644581e+00
1.360271475746850367e+00
1.357617715710502937e+00
1.351007286440946142e+00
1.352061289339726580e+00
1.352061289339726358e+00
1.352061289339726136e+00
1.357475126687320177e+00
1.372629924527868139e+00
1.380610103439232628e+00
1.378377017930884296e+00
1.377897793806777571e+00
1.376606760944318220e+00
1.384504893887843480e+00
1.384300754632707298e+00
1.396315434568880853e+00
1.395198753763238653e+00
1.387327023282522109e+00
1.393457544300244155e+00
1.393830259615906675e+00
1.395239656021097563e+00
1.392472158004842031e+00
1.380716170663177866e+00
1.357853384382752493e+00
1.356035232441862082e+00
1.374252126681659636e+00
1.361671896905451762e+00
1.342484688739132848e+00
1.354934660347455688e+00
1.368183599413795193e+00
1.368183599413794971e+00
1.368183599413794749e+00
1.368183599413794527e+00
1.368183599413794305e+00
1.368076749646254475e+00
1.380483600944050870e+00
1.385589943065368423e+00
1.391657435884505967e+00
1.388581387929273880e+00
1.379223621470887284e+00
1.385477447139048968e+00
1.380808125158772270e+00
1.380808125158771826e+00
1.380808125158771382e+00
1.380353837998325783e+00
1.380353837998325561e+00
1.380353837998325339e+00
1.380353837998324895e+00
1.381471488462594488e+00
1.377815465053502608e+00
1.365362146408078292e+00
1.363421198656422639e+00
1.366614299058105386e+00
1.356082853561511259e+00
1.378939808929028787e+00
1.382388826221433220e+00
1.387493468678955288e+00
1.381732349956735550e+00
1.378298718176698578e+00
1.376154313811956520e+00
1.388938957297194188e+00
1.379984337244718251e+00
1.381591973124145500e+00
1.399529562145335415e+00
1.395375638966539711e+00
1.391601319035471906e+00
1.399794529543983534e+00
1.408870076564548546e+00
1.403280009878606904e+00
1.415281936252789974e+00
1.419651687747833568e+00
1.419523105853356615e+00
1.420981025660642105e+00
1.426760671107465406e+00
1.419245011162060699e+00
1.427773095795497493e+00
1.415820057222273443e+00
1.424859082531776844e+00
1.436406039149147995e+00
1.436200803023509831e+00
1.432930716914141422e+00
1.438879492068029453e+00
1.435655961474679554e+00
1.427890263150979555e+00
1.434494415503106746e+00
1.435245773732794383e+00
1.445226014850404139e+00
1.403799082079517202e+00
1.385554432284316517e+00
1.368635299797242411e+00
1.361942665809313446e+00
1.349643543172958093e+00
1.361915749302905487e+00
1.366086613058608235e+00
1.385920164637461705e+00
1.388609747104377234e+00
1.382896336902568857e+00
1.365528089152099778e+00
1.333033246954735906e+00
1.358298253845094505e+00
1.360345695094171470e+00
1.379103796545551930e+00
1.388474864534799513e+00
1.390242757125166539e+00
1.416574473470522566e+00
1.425368838458035636e+00
1.411414246699146835e+00
1.413978718840741333e+00
1.404779228710738792e+00
1.424273786188761992e+00
1.426664921765794958e+00
1.430675216098282521e+00
1.447057610628997848e+00
1.452072637220290119e+00
1.456920424455379948e+00
1.456920424455379726e+00
1.456920424455379504e+00
1.452854345892038879e+00
1.448268528111438913e+00
1.458079682213973660e+00
1.475975218169304215e+00
1.476320724468580092e+00
1.470236587159166941e+00
1.468725548403232661e+00
1.492272062545603406e+00
1.488623560123572442e+00
1.477102239423691898e+00
1.477102239423691676e+00
1.477102239423691454e+00
1.467928687534458154e+00
1.473237606482189266e+00
1.052130878234497686e+02
6.043503149328005364e+00
6.054592923916717773e+00
6.109110931511631648e+00
6.109110931511630760e+00
6.109110931511628984e+00
6.130060287226222648e+00
6.094488349604054278e+00
6.140091660167852794e+00
6.129985442629753756e+00
6.181520112758779106e+00
6.166359956649862362e+00
6.166359956649860585e+00
6.166359956649859697e+00
6.175587672536960504e+00
6.183318485856541535e+00
6.220698207647659572e+00
6.166541791098739012e+00
6.182853384736080038e+00
6.182853384736078262e+00
6.182853384736077373e+00
6.175783730114227765e+00
6.247037105683141078e+00
6.308469838236402616e+00
6.293857874719972045e+00
6.248769585114923864e+00
6.125441683696696060e+00
6.062708747561723399e+00
6.060901905408416113e+00
6.112232993721216090e+00
6.073959181736745094e+00
6.105585490715382591e+00
6.222382780982202988e+00
6.313431350864149749e+00
6.290969153337918840e+00
6.280367638397149399e+00
6.300249487884763688e+00
6.228680665944693828e+00
6.228680665944692052e+00
6.228680665944690276e+00
6.178032212559163128e+00
6.154331346123284696e+00
6.214337312820619630e+00
