1.000000000000000000e+00
9.999999999999998890e-01
9.720745030562277789e-01
9.819297361087953036e-01
9.944012981028741427e-01
9.871414474593823707e-01
1.023490135690664493e+00
1.033681426295550709e+00
1.033048340407944243e+00
1.019460646119817904e+00
1.018530627928522447e+00
1.004599671611192013e+00
9.906220370264559039e-01
9.733056938769693023e-01
9.745049145953118552e-01
9.798194374475930335e-01
9.455037200215609117e-01
9.477071679373322288e-01
9.301446789232189483e-01
9.336002615409251248e-01
9.497911088605597296e-01
9.214477520580588443e-01
9.190836088545708549e-01
9.061552574740380228e-01
9.123716134572517067e-01
9.041564149422639529e-01
9.021075814302543794e-01
8.899975352222235792e-01
9.088108022061263114e-01
9.342650710407132131e-01
9.417147840441310036e-01
9.631873931524561616e-01
9.705068147454618543e-01
9.526963283446295838e-01
9.594775763104059774e-01
9.988450152146837180e-01
1.008516897025049541e+00
1.033085602808035741e+00
1.035381781343210683e+00
1.047812535205617346e+00
1.044072544738601005e+00
1.024869214118555361e+00
9.988244001511753511e-01
1.019197489398624201e+00
1.036535230210832603e+00
1.066497512345460086e+00
1.063163147119862595e+00
1.052440354804553779e+00
1.041330840967227500e+00
1.040706325887194028e+00
1.067462609399152162e+00
1.081656606564427303e+00
1.077426927413123181e+00
1.067208049366618949e+00
1.064707748330568249e+00
1.029856321290802734e+00
1.011648788741902116e+00
1.011648788741901894e+00
1.033778171921749145e+00
1.046221058859745590e+00
1.041137156540067332e+00
1.052465824765306257e+00
1.053912183162413196e+00
1.095269448708518389e+00
1.096416867898038827e+00
1.110867399800566924e+00
1.100083999655757427e+00
1.126826493641762905e+00
1.127813127255711256e+00
1.127557541210123082e+00
1.098340908476701516e+00
1.108672627403556099e+00
1.122021874552108001e+00
1.126115327802022836e+00
1.150846861086501471e+00
1.158206759623622739e+00
1.133442257781673179e+00
1.155762832865604439e+00
1.152414301849860712e+00
1.149758936808679799e+00
1.173848830169876400e+00
1.170222228231920125e+00
1.183111220921309936e+00
1.218735726070586001e+00
1.222776230401384501e+00
1.207451760584465239e+00
1.212287053854544494e+00
1.224755411146981388e+00
1.217997388271309323e+00
1.218097215442812464e+00
1.219206940132455896e+00
1.207451137225749704e+00
1.201569703639946640e+00
1.191795447146386966e+00
1.162856406096404616e+00
1.168725373348227903e+00
1.182313963174050242e+00
1.157112156988539420e+00
1.150627724173378441e+00
1.175872616501078216e+00
1.174454364384272420e+00
1.184648102620810883e+00
1.184338314637120471e+00
1.179033590281505672e+00
1.203947309853113490e+00
1.192534923465526031e+00
1.198846412971344977e+00
1.177866712896136869e+00
1.183133662710455614e+00
1.191111538624135102e+00
1.202301687934900221e+00
1.208008404229553578e+00
1.219342125040387970e+00
1.241769656665932864e+00
1.270837731738261089e+00
1.263506981344057811e+00
1.267272112468826206e+00
1.281473901148887595e+00
1.284594983315078487e+00
1.287693686292428197e+00
1.313686009866207316e+00
1.321107296401578646e+00
1.321856787402743816e+00
1.324053032427243703e+00
1.314287488504837675e+00
1.334911876066926739e+00
1.357249340620266587e+00
1.386278826637848960e+00
1.385565303347624511e+00
1.380947902350957435e+00
1.385248005859754050e+00
1.386172957206052159e+00
1.374027546027205116e+00
1.357132717493258589e+00
1.374262629830511839e+00
1.377451137289546823e+00
1.342760100924378142e+00
1.352527940182401966e+00
1.344158480881389561e+00
1.374118121099321188e+00
1.382420646627984029e+00
1.420978609592827180e+00
1.419213529417767239e+00
1.415507623992532826e+00
1.411661162888769416e+00
1.428357800665284616e+00
1.431724572760691983e+00
1.419756463054682172e+00
1.403539420832882634e+00
1.408993757960952831e+00
1.422787045118107274e+00
1.422377892548062350e+00
1.425169169183834850e+00
1.422321302352437922e+00
1.429704207969657581e+00
1.446418749098151046e+00
1.425860710056915837e+00
1.413960947520553457e+00
1.432779928166396877e+00
1.472599350083883429e+00
1.482495031998817936e+00
1.459854058894393791e+00
1.472152649686875980e+00
1.464488144020256177e+00
1.445225461376413278e+00
1.449555433634665436e+00
1.437913860519651754e+00
1.446513444565157069e+00
1.453359147458240352e+00
1.422200292913700315e+00
1.426516008757928944e+00
1.440228835355229497e+00
1.450325521400065210e+00
1.466368605340026665e+00
1.456211850809604025e+00
1.479878550685220784e+00
1.485502612263504219e+00
1.499032844713487300e+00
1.519873004598496946e+00
1.506928346968857024e+00
1.515782593613143714e+00
1.510663910317938674e+00
1.505123607250017592e+00
1.532687291282526676e+00
1.538292468602525442e+00
1.535626833591482665e+00
1.512092386809200217e+00
1.491163371551475381e+00
1.512956846195350202e+00
1.511016700209148578e+00
1.481549472235950349e+00
1.459666208535696175e+00
1.463967887793967693e+00
1.459805895444480806e+00
1.458486288826339461e+00
1.480305108598026553e+00
1.501121436459181835e+00
1.525803479816325359e+00
1.522703569303882176e+00
1.524282195104586624e+00
1.540677117347475589e+00
1.538895280123929732e+00
1.540314758184815336e+00
1.531718576757901573e+00
1.524944714044609739e+00
1.552590164566571174e+00
1.550592897714307306e+00
1.549446452337219116e+00
1.521749104762639693e+00
1.500639018989183615e+00
1.512329628757675293e+00
1.532846918133388803e+00
1.530096998441240030e+00
1.531110886784153191e+00
1.528827318402879776e+00
1.535088767725578895e+00
1.526793813929197219e+00
1.516384520868310437e+00
1.530679590161563075e+00
1.542325229740367787e+00
1.550508399453095487e+00
1.538420218449116028e+00
1.551841537579253361e+00
1.560533023744472780e+00
1.566294271630368717e+00
1.575216449614266878e+00
1.577391752385175261e+00
1.575571141082833693e+00
1.593392373789897398e+00
1.583444558331535523e+00
1.571793440494390071e+00
1.587056306859033095e+00
1.586176190236123107e+00
1.593862867454845178e+00
1.615068133894920877e+00
1.611312193263536807e+00
1.606920248682307095e+00
1.618057229383813578e+00
1.617839884645564830e+00
1.601339128035293102e+00
1.610886049732698666e+00
1.612786335900989299e+00
1.603122592887107123e+00
1.615324728492270046e+00
1.619291502099427182e+00
1.626544752098389779e+00
1.606501346877312386e+00
1.582517448265465365e+00
1.583416947709537892e+00
1.563811231733405638e+00
1.575802908119662504e+00
1.587152978939437409e+00
1.589063663369485013e+00
1.573656947865021527e+00
1.587034061841914978e+00
1.594634705861723845e+00
1.586332667279934938e+00
1.555935795255317666e+00
1.567383487662312058e+00
1.586216494440326752e+00
1.581505575372227801e+00
1.586135124003098085e+00
1.586313038297885836e+00
1.610301253922945097e+00
1.615258127258416554e+00
1.637327814999400388e+00
1.642010198864608750e+00
1.636098634180834788e+00
1.644970915052375915e+00
1.635490764000030017e+00
1.632600221197792578e+00
1.626961522884861511e+00
1.638710619361109178e+00
1.654261581106638124e+00
1.674157778201573965e+00
1.695644643383572348e+00
1.710231066896193086e+00
1.714256590210711861e+00
1.728280388887419416e+00
1.716438161615583269e+00
1.736255402645404233e+00
1.730846433702819098e+00
1.743631565145533857e+00
1.732724024403133667e+00
1.746424396671646617e+00
1.776170702646745925e+00
1.794215062097257452e+00
1.790182961422869257e+00
1.793585799973215211e+00
1.786050321333596536e+00
1.784852894830833314e+00
1.792152714637340161e+00
1.793898520615970327e+00
1.795538196600846126e+00
1.777031583831057970e+00
1.779261397264875866e+00
1.793645364672754594e+00
1.792331021266793334e+00
1.792331021266792890e+00
1.816014822342880031e+00
1.835346759638389003e+00
1.823577757299627233e+00
1.840777400023167587e+00
1.833019702351742275e+00
1.823697679396352855e+00
1.843893402801052961e+00
1.850633482345429570e+00
1.826110081627592363e+00
1.815608199230848596e+00
1.831308104127482128e+00
1.835373336966215740e+00
1.822906561708985684e+00
1.833908028812353042e+00
1.854179414973621931e+00
1.854616426290735420e+00
1.818394981780849795e+00
1.823065073868202823e+00
1.829600758428715945e+00
1.840119143070636731e+00
1.817050918894577594e+00
1.781528392116174198e+00
1.776932903036092526e+00
1.717899012257426916e+00
1.754038152306693910e+00
1.752336013451556651e+00
1.797867310637440985e+00
1.790700233673159891e+00
1.760163153507637190e+00
1.754186611452373645e+00
1.762719690369305425e+00
1.748748788993562897e+00
1.708704065122150118e+00
1.698228412666954901e+00
1.729182323459022674e+00
1.695383307221096647e+00
1.743193069820969443e+00
1.763237433073941318e+00
1.763727702586847856e+00
1.760109518739113810e+00
1.764187490510576328e+00
1.770168726026368322e+00
1.752809731112424885e+00
1.746161731301450359e+00
1.729525690810302718e+00
1.715324668684290232e+00
1.744623299710770237e+00
1.769355064674134947e+00
1.763493584515623214e+00
1.788438959506428505e+00
1.807964239082406444e+00
1.806798549287046418e+00
1.828129476900691275e+00
1.834069058150307852e+00
1.848257121403157344e+00
1.863761028992313218e+00
1.849300574119057350e+00
1.849092745756608425e+00
1.860958387823259841e+00
1.876823353531082983e+00
1.841427078563653286e+00
1.820662245233002130e+00
1.810430958065600171e+00
1.836084245081631039e+00
1.834731710330595567e+00
1.852673593177452505e+00
1.859871354778456221e+00
1.869657585645261300e+00
1.877028916590629093e+00
1.876327025558126360e+00
1.888710829056744922e+00
1.866929266505698903e+00
1.873747503646234547e+00
1.875642457048914968e+00
1.872810632966829258e+00
1.881811122960481475e+00
1.907377497975348613e+00
1.932352874378953977e+00
1.945514338112545705e+00
1.955999382966762346e+00
1.950437356648766274e+00
1.955124773023347196e+00
1.973338433352606502e+00
1.967745764220765192e+00
1.989879860288380709e+00
1.972749706571861328e+00
1.967150332316600414e+00
1.968046943084133638e+00
1.956860831586740623e+00
1.960747148138384022e+00
1.939620299557757832e+00
1.913980471441323106e+00
1.907186956839071135e+00
1.925262199894809845e+00
1.923070231303350086e+00
1.939232470519762330e+00
1.922863847777914081e+00
1.929093374117269333e+00
1.922823301312346134e+00
1.958134974456225530e+00
1.930818352596914256e+00
1.910636783232941394e+00
1.927750951101232957e+00
1.929671436099846815e+00
1.950018666623457575e+00
1.961526323708339570e+00
1.999512545134881636e+00
2.002805054949702956e+00
2.000227646360397848e+00
2.002810977521699343e+00
1.989843363363976936e+00
1.997001431331501431e+00
2.011247129393639810e+00
2.019036796876170659e+00
2.043525886315120665e+00
2.042714311229101298e+00
2.040378360439040417e+00
2.039338265246958048e+00
2.053899815818225338e+00
2.084085480065234197e+00
2.094773640906244960e+00
2.090620189953274366e+00
2.093195179681637264e+00
2.092138717781351964e+00
2.121789810939447740e+00
2.125397192421020431e+00
2.135370498775848613e+00
2.162885673939065168e+00
2.155901509859299736e+00
2.152723822156892730e+00
2.168047867092452119e+00
2.167115107453390532e+00
2.151976174039453404e+00
2.146878347817219979e+00
2.154136976162454253e+00
2.164477797844715390e+00
2.192050077054759516e+00
2.190347950907227226e+00
2.179454425959594932e+00
2.183472669299381330e+00
2.184370084983866533e+00
2.187199416362181292e+00
2.215101940129472258e+00
2.192766962375552353e+00
2.191916181196337909e+00
2.186458720166896796e+00
2.176092101704286463e+00
2.178919216870910169e+00
2.188632828542626640e+00
2.192497295685244652e+00
2.197716393225765064e+00
2.216784826486188464e+00
2.226481614129007358e+00
2.226795948617406928e+00
2.220575501872246171e+00
2.232079764161147395e+00
2.239061660343438120e+00
2.237341260848789926e+00
2.243571140126175756e+00
2.249075524285959027e+00
2.236688993408133097e+00
2.228913413369006058e+00
2.238898511081985010e+00
2.227903328631128943e+00
2.243554477784896584e+00
2.211575642750333692e+00
2.228634561223832744e+00
2.243508091867166154e+00
2.230919454317340733e+00
2.211014904027141181e+00
2.186854325805213328e+00
2.200298320742501978e+00
2.222698139444310161e+00
2.245247506325258158e+00
2.260627062973776802e+00
2.260613886066424882e+00
2.278607425841182366e+00
2.276065588568488618e+00
2.271874820009214258e+00
2.275908388962584183e+00
2.292898870263996081e+00
2.294384946919732382e+00
2.293598268482464508e+00
2.306071380615415389e+00
2.314937875536105860e+00
2.340387855094420377e+00
2.345271580039269388e+00
2.352756146839582119e+00
2.350680041797828856e+00
2.350353781855434310e+00
2.369287893332758799e+00
2.373485216365675665e+00
2.363774524702934254e+00
2.364407510567013926e+00
2.380718596262497044e+00
2.388581622171303209e+00
2.366122912431166903e+00
2.372497763276697036e+00
2.369170290482213836e+00
2.356824267491151037e+00
2.376525825363288380e+00
2.386859050298950180e+00
2.394539321825848610e+00
2.408841299736531383e+00
2.383604414701986585e+00
2.380270415981648124e+00
2.363027765168097982e+00
2.338855144709727440e+00
2.332219495784387586e+00
2.304913559568506631e+00
2.285262588347637180e+00
2.293155257951493997e+00
2.313013372887437580e+00
2.278778905239194241e+00
2.249914364431337521e+00
2.283602845276080373e+00
2.319310928599876753e+00
2.351356123474122040e+00
2.359730100321339563e+00
2.353665345121606745e+00
2.376243476905885998e+00
2.354948769511365114e+00
2.345574492253060583e+00
2.363352768668434578e+00
2.358699762917158882e+00
2.354161455743640108e+00
2.333645817625974228e+00
2.343687739447635199e+00
2.348656931782147961e+00
2.383672572545094681e+00
2.358028816119607463e+00
2.320120904036325094e+00
2.301129317444405853e+00
2.319721239747318364e+00
2.332564314959129081e+00
2.321142621518453630e+00
2.310930120634450802e+00
2.320812399619005983e+00
2.334983622044836782e+00
2.305903175690949602e+00
2.283902622814299566e+00
2.285799906636603485e+00
2.223972682678675650e+00
2.218501673794148754e+00
2.199554894207637279e+00
2.145729412062743258e+00
2.212489084895343794e+00
2.214335476173482142e+00
2.218102819291040806e+00
2.221258713547042518e+00
2.243621749009502064e+00
2.259794745757715884e+00
2.297106167488468298e+00
2.305296843990247702e+00
2.331438492929418071e+00
2.348763821638607752e+00
2.368713167730824853e+00
2.371397950503380425e+00
2.386912551977856012e+00
2.397356245193994706e+00
2.402477259059763615e+00
2.415178193803334317e+00
2.403847770392348870e+00
2.409281378231530102e+00
2.398780235199062805e+00
2.379481446147143409e+00
2.387534345733040020e+00
2.381722891217960658e+00
2.374448175638005143e+00
2.333578069037228531e+00
2.360593708263829082e+00
2.405038567262558491e+00
2.407905703246060014e+00
2.408561686995557505e+00
2.408561686995557505e+00
2.417152147689148656e+00
2.416985294182750987e+00
2.433046862010729061e+00
2.449078546353852026e+00
2.446343963307512581e+00
2.406911985088095118e+00
2.373885454174966103e+00
2.361093308955028558e+00
2.389405921871450289e+00
2.372639228455128091e+00
2.395404843167919573e+00
2.389323432217340226e+00
2.366453824953345109e+00
2.382084822241559152e+00
2.394783748016258595e+00
2.377013765762756581e+00
2.380420496250567286e+00
2.396841523592867951e+00
2.389742222615280465e+00
2.351647867177091289e+00
2.395420779815855106e+00
2.386808084631067306e+00
2.401590494726975500e+00
2.429162936839504461e+00
2.432278508652917726e+00
2.455260413742092584e+00
2.440672939048665224e+00
2.421853800348090502e+00
