1.000000000000000000e+00
1.000000000000000000e+00
9.848876092713505503e-01
9.821510537934566853e-01
9.763750147349383735e-01
9.738248908553052141e-01
1.004701263062516281e+00
1.013760908680474415e+00
1.023436395057721882e+00
1.026861404105579245e+00
1.049744054793309900e+00
1.054779556047251043e+00
1.056991904255862202e+00
1.023717885243654147e+00
1.036233209823324897e+00
1.043586495862468544e+00
1.028305665080759157e+00
1.051672832901992427e+00
1.059790237533113855e+00
1.070110724118453538e+00
1.065811536128875803e+00
1.055730988139877757e+00
1.046361586509056973e+00
1.047329306591532116e+00
1.064630974053753398e+00
1.060826403488091874e+00
1.079418021531822980e+00
1.080696407692731231e+00
1.076981934313665512e+00
1.082605721552390543e+00
1.069817372018154744e+00
1.040953718529660010e+00
1.038214713970853298e+00
1.034743346842988965e+00
1.036463131506673685e+00
1.048839135027123337e+00
1.050340879078825340e+00
1.036206269920798784e+00
1.039208178090421431e+00
1.030673624095308272e+00
1.011483347287150503e+00
1.021464521492790656e+00
1.009918589669974942e+00
1.023491921730632859e+00
1.005702183088305723e+00
1.002595963781088395e+00
1.034253166971596638e+00
1.048871392552135573e+00
1.061999384857986728e+00
1.049549978519690230e+00
1.057796282171076463e+00
1.064252831794296972e+00
1.062624549968128607e+00
1.082110922879716108e+00
1.090078501866100336e+00
1.093275551299997650e+00
1.093630639958434791e+00
1.094834184052872361e+00
1.113206152156511974e+00
1.114204745672140229e+00
1.103491137745248540e+00
1.101200733987540925e+00
1.129103550663471678e+00
1.123920382467891388e+00
1.131074675081022773e+00
1.129658728838728532e+00
1.121601058511691118e+00
1.122118895502213221e+00
1.113384057851460884e+00
1.135156161858932089e+00
1.124103322627269419e+00
1.125815898275264404e+00
1.128468017134647283e+00
1.129114221943460894e+00
1.136239506933540699e+00
1.141975257889263462e+00
1.141298953874333000e+00
1.158806921694332415e+00
1.159978992265483955e+00
1.142863883428603122e+00
1.153701709354949090e+00
1.156501295925863593e+00
1.171695152017341313e+00
1.178628515611984451e+00
1.180237509685935215e+00
1.187049775772407223e+00
1.187292325028575624e+00
1.191391285579057824e+00
1.187880938511303164e+00
1.198065831679395066e+00
1.205040101494920801e+00
1.227161142812096761e+00
1.227366852683292375e+00
1.230407699664563426e+00
1.224162600539582924e+00
1.232370348479343125e+00
1.222088231992697560e+00
1.214515462594293327e+00
1.210307200887495105e+00
1.192989646712031782e+00
1.198602799352016968e+00
1.215692597178712031e+00
1.218363337437302851e+00
1.237355097195744325e+00
1.222551702347076219e+00
1.243684917540935464e+00
1.239137154221894521e+00
1.233674373007024094e+00
1.221328593110535099e+00
1.249815559204016102e+00
1.263036349549282455e+00
1.265418657761965271e+00
1.264888223245068000e+00
1.264537986617959353e+00
1.271189438498656177e+00
1.277026585933271452e+00
1.283063179632910833e+00
1.277415956241844563e+00
1.278744183688664160e+00
1.273425562698932811e+00
1.287577632939558514e+00
1.293836560293835758e+00
1.296494830260632725e+00
1.306208308243825167e+00
1.308161419928788094e+00
1.299658531317985144e+00
1.296268196647707649e+00
1.294673176377218127e+00
1.297239152297823495e+00
1.295657785017421126e+00
1.289022280617980298e+00
1.306672409224693743e+00
1.307535227759825558e+00
1.318325686724032719e+00
1.326097416694511644e+00
1.325678245472727390e+00
1.328334703897896985e+00
1.331738242526820493e+00
1.343925344837616720e+00
1.345705145175274398e+00
1.362770526487507849e+00
1.369260963477028969e+00
1.348219916457967127e+00
1.343220893776533309e+00
1.342708358919397105e+00
1.361303511455671300e+00
1.364890486975596673e+00
1.371358812628390433e+00
1.385122664983526874e+00
1.352587828329922859e+00
1.356660175979417238e+00
1.379204517751603687e+00
1.380850388619401459e+00
1.381053495531638919e+00
1.390520364910210693e+00
1.391144189967559175e+00
1.400437657321083273e+00
1.396297370671926608e+00
1.397162508266386549e+00
1.407352485395575226e+00
1.419189246844755781e+00
1.413248372856541479e+00
1.423539333012382002e+00
1.429202404905556056e+00
1.432856455608761737e+00
1.392560150320123702e+00
1.367128722671643537e+00
1.384335175148264652e+00
1.407369463689230660e+00
1.405807420665286633e+00
1.387016036407225705e+00
1.393162335306127764e+00
1.418879141530202004e+00
1.416804924478120675e+00
1.399602823494485948e+00
1.403734352417893128e+00
1.393514483033954532e+00
1.372956470818419872e+00
1.377875689360328115e+00
1.370941687179512147e+00
1.358145345376642998e+00
1.332274885111587759e+00
1.343527623135183591e+00
1.346183955139699684e+00
1.368812106735261658e+00
1.366709812270993751e+00
1.377234035409370616e+00
1.406008160200421075e+00
1.404102755829021110e+00
1.405179357810824481e+00
1.420408667612244047e+00
1.429746393499906842e+00
1.437569267166354914e+00
1.443379380830847714e+00
1.438828149601922846e+00
1.438879770368632460e+00
1.447462577973180009e+00
1.445366052774146315e+00
1.436781928660779695e+00
1.436087642475197157e+00
1.423032574225332469e+00
1.430430516233503369e+00
1.432892599112320253e+00
1.435565627876311590e+00
1.419742908457540587e+00
1.427059604291063710e+00
1.460105643263040154e+00
1.468040463626486547e+00
1.468125450701511570e+00
1.480228260804829388e+00
1.505695691853946139e+00
1.504483210665499060e+00
1.494200132722494079e+00
1.497434101674285811e+00
1.488015427925071021e+00
1.479828616425290067e+00
1.474601945094475397e+00
1.485965835131087154e+00
1.495819822323241954e+00
1.509398336427043130e+00
1.497530310849340518e+00
1.511033371955846860e+00
1.493340871814069271e+00
1.472786101534045322e+00
1.471597064995987303e+00
1.492282707147908782e+00
1.497086531609970184e+00
1.488339115526643885e+00
1.462304917998211273e+00
1.455215396001508399e+00
1.467815935576236797e+00
1.477596283305582014e+00
1.481611389760703501e+00
1.503328565381636839e+00
1.474294090228225551e+00
1.477129025429517517e+00
1.459238747592406238e+00
1.442455975614066466e+00
1.446491044128402903e+00
1.429837116226145399e+00
1.432595847501714648e+00
1.412309180140928211e+00
1.406460438251858180e+00
1.424627382799055653e+00
1.397628478912152916e+00
1.389680950609418986e+00
1.383538270604003806e+00
1.389294997101983009e+00
1.416965109555497593e+00
1.410396147785921261e+00
1.419428485039333721e+00
1.399116792274904597e+00
1.416493711220089047e+00
1.436362718804513161e+00
1.442908981800767432e+00
1.459530777612223273e+00
1.484032874832622584e+00
1.491083046374807930e+00
1.493201407176087736e+00
1.509015408129870783e+00
1.495469818675811968e+00
1.469586590233827428e+00
1.449969135385076990e+00
1.453439688045187861e+00
1.432525604886569104e+00
1.445964170703892160e+00
1.430833824408758392e+00
1.465324097553981408e+00
1.461300094534311755e+00
1.478034698932167990e+00
1.494116451130282464e+00
1.482498214824093052e+00
1.476712144618465894e+00
1.435560244060012369e+00
1.436161347334205418e+00
1.430963980495023824e+00
1.425957175949953859e+00
1.374881786251246574e+00
1.383406901326274419e+00
1.309023463714853452e+00
1.304336090511170276e+00
1.230767170101114028e+00
1.288250223747905654e+00
1.238801574300867125e+00
1.297394526139842741e+00
1.307460139499587060e+00
1.332396150718038186e+00
1.316814922888521533e+00
1.311246915066774266e+00
1.244540767545057491e+00
1.224614386833533519e+00
1.225585649300936719e+00
1.278989211888080568e+00
1.288511677084900331e+00
1.264496597681492362e+00
1.295796796645652948e+00
1.337788806017859100e+00
1.343428733503265970e+00
1.344515429004882412e+00
1.327924326073320449e+00
1.300224237631235180e+00
1.298786992557124709e+00
1.339504926873432478e+00
1.331734839625011269e+00
1.300063410284403975e+00
1.316622755764021102e+00
1.336245358213653533e+00
1.361130317035298853e+00
1.368772655826485218e+00
1.370753041395415872e+00
1.364738326342737951e+00
1.354866916145554656e+00
1.326704086893876644e+00
1.288520400801725696e+00
1.302330742319137036e+00
1.311886457117276361e+00
1.329591765886544152e+00
1.300819488476867569e+00
1.291302453291419461e+00
1.255569607828111112e+00
1.213553033958148175e+00
1.245036964016372982e+00
1.276023502075804839e+00
1.302253790014072710e+00
1.288129124724479269e+00
1.326262530138039963e+00
1.324655914698202430e+00
1.337572282957374403e+00
1.356321404738090264e+00
1.377889107383322820e+00
1.355058747474468417e+00
1.373326263779225620e+00
1.352558819520503164e+00
1.352561406511474384e+00
1.377431589760016895e+00
1.403086446446065949e+00
1.366881910288738622e+00
1.369568556446559171e+00
1.408778774208653273e+00
1.410124161872160498e+00
1.382169374106376747e+00
1.345559393908904999e+00
1.359250538920825813e+00
1.410248855001256185e+00
1.414199101369711498e+00
1.417623076404715299e+00
1.434185486039118773e+00
1.380125314670572312e+00
1.385221646698777231e+00
1.416288119167835813e+00
1.405544272260409677e+00
1.415258247909458866e+00
1.403685758197783073e+00
1.372404618601236859e+00
1.356277518632080126e+00
1.333513938974751456e+00
1.332145849001351801e+00
1.302403957324909101e+00
1.291645132613716829e+00
1.334043911132404725e+00
1.326909126926214544e+00
1.378716108881050673e+00
1.384062071911471126e+00
1.383412604052141726e+00
1.396966373680849305e+00
1.400144608351875597e+00
1.402425032820184825e+00
1.369101434636528669e+00
1.390780934308785799e+00
1.371501714010747719e+00
1.353902355162130533e+00
1.335688699795571033e+00
1.334922993474607855e+00
1.342941899321059340e+00
1.323376894445255081e+00
1.367189663092762464e+00
1.357849212990592802e+00
1.378802883641434995e+00
1.387903098263702617e+00
1.392552353189782099e+00
1.374974131987727999e+00
1.389601822778129048e+00
1.385927073020365441e+00
1.411373532332428127e+00
1.415187622984096949e+00
1.420959131214002635e+00
1.425521464269196015e+00
1.432861452445032491e+00
1.451511438196360082e+00
1.457811452359009552e+00
1.468634487594739912e+00
1.452931442035060305e+00
1.470034868347979584e+00
1.501271565042993972e+00
1.516542076102065817e+00
1.507078513867643021e+00
1.502183538434461063e+00
1.507480429440461789e+00
1.537180697495644566e+00
1.540375267536566062e+00
1.544124347016595733e+00
1.540911707722636192e+00
1.545016065644041703e+00
1.562525308521744982e+00
1.572262232485966305e+00
1.600246161156166469e+00
1.597238769684960147e+00
1.596746893383968358e+00
1.603778103552170320e+00
1.607788266402746524e+00
1.593865682545075879e+00
1.610477538944610876e+00
1.617050172721596013e+00
1.613868792652753514e+00
1.628611365418666246e+00
1.616209103369942834e+00
1.606659555946883478e+00
1.603306086184120849e+00
1.614721916132109358e+00
1.614370308485568062e+00
1.618061017306138272e+00
1.630698045513601091e+00
1.613917170837028792e+00
1.624217760979250746e+00
1.619869879380496425e+00
1.600572974807805027e+00
1.580144503138365408e+00
1.592305744580129412e+00
1.610763729717896053e+00
1.620847292310070076e+00
1.618688178623644891e+00
1.644269388608011973e+00
1.638667559423390152e+00
1.658443766583543866e+00
1.661221724869666794e+00
1.669877621326432138e+00
1.668534326893999165e+00
1.673747674671702601e+00
1.669396051301813566e+00
1.671206761720061662e+00
1.700958938295267231e+00
1.701653257495535199e+00
1.693109566921651155e+00
1.690847260446709965e+00
1.692783560769527185e+00
1.699397559557035198e+00
1.696564859680651960e+00
1.669655242145233531e+00
1.672526057523621601e+00
1.651221529598452031e+00
1.621135423568033307e+00
1.637360928173084762e+00
1.659846215037321437e+00
1.639167670120339704e+00
1.626128277757502127e+00
1.648197064176246673e+00
1.644130674327230368e+00
1.635891191066026540e+00
1.626195984034585873e+00
1.606700092461812890e+00
1.596743933204557875e+00
1.626983048251687158e+00
1.641049720101759535e+00
1.650656103143780973e+00
1.646693032202652063e+00
1.652784842203229410e+00
1.655126172131019979e+00
1.629266621038817142e+00
1.593349199757449597e+00
1.595133651440429068e+00
1.586537762928581508e+00
1.584658461813739594e+00
1.584518349341033749e+00
1.591179864696294022e+00
1.574640967566691030e+00
1.569285016675247224e+00
1.560681547729851903e+00
1.527818428262584627e+00
1.500294459161135574e+00
1.535315147036848238e+00
1.534001171584268519e+00
1.545288810906868315e+00
1.537294996686019877e+00
1.539444921544668610e+00
1.558415532489665134e+00
1.536765951080469206e+00
1.523970376252484549e+00
1.477443379982390281e+00
1.485602079744936743e+00
1.500505945017105880e+00
1.538134393825837387e+00
1.526273682200702142e+00
1.540417342429453829e+00
1.515895931298492316e+00
1.535312689419286336e+00
1.520549064711442577e+00
1.525944140709542873e+00
1.549275389497102307e+00
1.566075289417767857e+00
1.585785497755037854e+00
1.589338254280063367e+00
1.549705602679809724e+00
1.568260759908215674e+00
1.538351582240339743e+00
1.543629737618285480e+00
1.556717632744814228e+00
1.544338994790869002e+00
1.596399471470941300e+00
1.605248954197947997e+00
1.621593841898848254e+00
1.618493896875430993e+00
1.593135108160592894e+00
1.585395871329827733e+00
1.572882552156267044e+00
1.566535797277101016e+00
1.558823605378984345e+00
1.579871312938225136e+00
1.574405515389615706e+00
1.581376419333195837e+00
1.603104974556786244e+00
1.618705509252684971e+00
1.597534433876168558e+00
1.574327477976763090e+00
1.560173785442815264e+00
1.555535745264520209e+00
1.591115307556870695e+00
1.631921227323527512e+00
1.618407355076014520e+00
1.609514514051778145e+00
1.600467342987258679e+00
1.595307611087040334e+00
1.635660437939167045e+00
1.644778075861264011e+00
1.664774695340422328e+00
1.656975997568787884e+00
1.657549588957984987e+00
1.665273725446465791e+00
1.664013785650871213e+00
1.662519355567456891e+00
1.676253384403484814e+00
1.692259026133831057e+00
1.693219668589607929e+00
1.686587538626756144e+00
1.684707600557148632e+00
1.685938279423097041e+00
1.677406775156279339e+00
1.677674225751069725e+00
1.671484864043821128e+00
1.672531404144951717e+00
1.675907925040554858e+00
1.661065532398844580e+00
1.671357423918077290e+00
1.663091550670892760e+00
1.660382686201384184e+00
1.703651103046943449e+00
1.699214182367251968e+00
1.680671296206474485e+00
1.682514175497056286e+00
1.686253601126869839e+00
1.707653069148453273e+00
1.726770213023337108e+00
1.724129275040625631e+00
1.717904414650768485e+00
1.721690871486206920e+00
1.721066314715826051e+00
1.720205554747896493e+00
1.712235388999742813e+00
1.687486584602444939e+00
1.674538669740844865e+00
1.697893022714666245e+00
1.691427730067436519e+00
1.692747870183383796e+00
1.705547893363430045e+00
1.715654366403757791e+00
1.730168513945410158e+00
1.726151444286544434e+00
1.719652351726153938e+00
1.688260440259989892e+00
1.675751307937213053e+00
1.676461299838898356e+00
1.671500791535727393e+00
1.682805962948060730e+00
1.706291357345596449e+00
1.709472969748078608e+00
1.695727106955441821e+00
1.661276704550787242e+00
1.668620261387616432e+00
1.656936462898242590e+00
1.647189128246254519e+00
1.655402535314417722e+00
1.663374368687607019e+00
1.661825708053666029e+00
1.693248586728770544e+00
1.680181351265187750e+00
1.691858739173175641e+00
1.703884412338418253e+00
1.667492035084605639e+00
1.646321179336409868e+00
1.650791211862837171e+00
1.656747950032847472e+00
1.653395827129735096e+00
1.634603167984982397e+00
1.630834766086657117e+00
1.646826641921501411e+00
1.672150770616010362e+00
1.676655729906883163e+00
1.680348742955257046e+00
1.700181740239606221e+00
1.698418032010627021e+00
1.693374107055068523e+00
1.710062556267034184e+00
1.735208511963919564e+00
1.737728656620988410e+00
1.730358758842982070e+00
1.737397002445814742e+00
1.739051975657208038e+00
1.749109596815483059e+00
1.748154883975261420e+00
1.755256124394619199e+00
1.773194474101309481e+00
1.772195146437500979e+00
1.761240872695293946e+00
1.756261349668285066e+00
1.773322357248644288e+00
1.790017800436265460e+00
1.780648944664523281e+00
1.782075842092140538e+00
1.762954960355187728e+00
1.758456912817535134e+00
1.744769983067890662e+00
1.743256206275151987e+00
1.726819734812932605e+00
1.754855284946229332e+00
1.807881619548363572e+00
1.806568068704689445e+00
1.808327083769597499e+00
1.804931401363097265e+00
1.797985455850489522e+00
1.808608971871264348e+00
1.818583023575530255e+00
1.822358495485471019e+00
1.822584005297853471e+00
1.814835760098340911e+00
1.812152882075587668e+00
1.831368041590947904e+00
1.829750180177720065e+00
1.831641501476799494e+00
1.845028949614871294e+00
1.868891330114121896e+00
1.895600594925795024e+00
1.896523680289449620e+00
1.894728961509594134e+00
1.892461178945300970e+00
1.887060037843461657e+00
1.908828293677773402e+00
1.886965808679050838e+00
1.911671488918161188e+00
1.912417047117816349e+00
1.904832420728828968e+00
1.923826384921005994e+00
1.922618974027342054e+00
1.919816136833080611e+00
1.928698981961930237e+00
1.929884047758979593e+00
1.926944280991727210e+00
1.945249221027538278e+00
1.915721892153264161e+00
1.894448177838546465e+00
1.919567583871965910e+00
1.892754786632052877e+00
1.905634396622351678e+00
1.931122419747748564e+00
1.930605800791860727e+00
1.942726296744731185e+00
1.957056371540209394e+00
1.984529040218322660e+00
1.988110186498106779e+00
1.989844743311445008e+00
1.997529173631318100e+00
1.998859283472024684e+00
1.995501643892931165e+00
1.999485670895796652e+00
2.000265264700077150e+00
1.980360610962501156e+00
1.972546240544805540e+00
1.971378572750478453e+00
1.994844589625518694e+00
1.976079959346872750e+00
1.999912252834365800e+00
1.994155608154722925e+00
2.012922976302073064e+00
2.018019251623011989e+00
2.033838955715963515e+00
2.022630641843229160e+00
2.034477747416396198e+00
2.007562508199562501e+00
2.014232969492497194e+00
1.999826388484506667e+00
2.011005516244718905e+00
2.018227647753224385e+00
2.058784722972201386e+00
2.069749993957513468e+00
2.071598311120729896e+00
2.024596162634821006e+00
2.060716483880517202e+00
2.026773985120259969e+00
2.006330381907659000e+00
2.029375853188335466e+00
2.049933468545589221e+00
2.088556341222556956e+00
2.087803062259571352e+00
2.102393648886416777e+00
2.096513969556459855e+00
2.117871523362436559e+00
2.120863861137291195e+00
2.097625445965952018e+00
2.127002181180912999e+00
2.159275742300647671e+00
2.166388070068727689e+00
2.170814574345751868e+00
2.181760619281389424e+00
2.196348056909786184e+00
2.226135900479218499e+00
2.232149049513578731e+00
2.251581452118411431e+00
2.266696084373393649e+00
2.263044143288311272e+00
2.282396593566223153e+00
2.274898719706051065e+00
2.280199569900223100e+00
2.249591307894570846e+00
2.250790466716539040e+00
2.253409624172584724e+00
2.278561610769306078e+00
2.260333379064019876e+00
2.280066589601947857e+00
2.251178977173191154e+00
2.249838226436406519e+00
2.244714127225076350e+00
2.219304477206726300e+00
2.239620884988361649e+00
2.273638966184652777e+00
2.270311726285133780e+00
2.240146738625286904e+00
2.215687158157274350e+00
2.251011093152033293e+00
2.245872705469802000e+00
2.271946764848923994e+00
2.294237078545113828e+00
2.276009879070796771e+00
2.219336872527878146e+00
2.221723080788321703e+00
2.198484326091834529e+00
2.220878123265475956e+00
2.246488292828971556e+00
2.262621792911813756e+00
2.258404512515880480e+00
2.274218885398958445e+00
2.271399755633336515e+00
2.275841574257704281e+00
2.301964811208487394e+00
2.300720760132207054e+00
2.314749836148698670e+00
2.327538871780494123e+00
2.371283364380602610e+00
2.392224067279075328e+00
2.389059216215495773e+00
2.375306072504902666e+00
2.395082556698659548e+00
2.390500648079166179e+00
2.384037726790923628e+00
2.388655937941595919e+00
2.375109646931965912e+00
2.373218324366313414e+00
2.384331856751788603e+00
2.398832823671089187e+00
2.395673014037725590e+00
2.402211067350326523e+00
2.406349051193618749e+00
2.436752712234217633e+00
2.449755812467178995e+00
2.453583796307699405e+00
2.432833821978989786e+00
2.422593219498471839e+00
2.439575280681765879e+00
2.432458662466999044e+00
2.428956598959306934e+00
2.441696802840215064e+00
2.426534286149317765e+00
2.383682096723752863e+00
2.382507234419867448e+00
2.375585268310187459e+00
2.389955018965960409e+00
2.378422015907545539e+00
2.406305549167274460e+00
2.420677093686081527e+00
2.422495374629933362e+00
2.376659820036200355e+00
2.384989911954603414e+00
2.399346092558071408e+00
2.387164491344866857e+00
2.412166888230540707e+00
2.447226603373564124e+00
2.452560420302345445e+00
2.446280012826569816e+00
2.473383926895195373e+00
2.502108074170221297e+00
2.508909199537824097e+00
2.498935266379380238e+00
2.508309414792928571e+00
2.516138188930590935e+00
2.528457287073764714e+00
2.566310658144320467e+00
2.566576047138023675e+00
2.564920377158077525e+00
2.546829728855915409e+00
2.555571272088398960e+00
2.553745695236082636e+00
2.572024788416039431e+00
2.567941827540721089e+00
2.564724039365372743e+00
2.587362664365347342e+00
2.584076053709329024e+00
2.552569854217948020e+00
2.578857111202519814e+00
2.555351695385229771e+00
2.506414592762403082e+00
2.494762800424543236e+00
2.557281363066802538e+00
2.567467670227609577e+00
2.593133684242917791e+00
2.578832031790252888e+00
2.611960666335266801e+00
2.624089849804973174e+00
2.649444026738098312e+00
2.649124724945830511e+00
2.659428644546808496e+00
2.640383554997765447e+00
2.656939996973955775e+00
2.670385796464080919e+00
2.668268722444286478e+00
2.690551548545996319e+00
2.671997311754805704e+00
2.671333586010339545e+00
2.680148014520534971e+00
2.689031620860887983e+00
2.689401894040832630e+00
2.671196198704805180e+00
2.616796352205001064e+00
2.660671218098732638e+00
2.663337850516580563e+00
2.660297363370783152e+00
2.683050695917974959e+00
2.688544074591263211e+00
2.699040565056173957e+00
2.668582065651376567e+00
2.658006224710630860e+00
2.651207993912774175e+00
2.689637607255766394e+00
2.714314017411218138e+00
2.717110469773476034e+00
2.726894866688764019e+00
2.740394296065165936e+00
2.740400079590451288e+00
2.734706246669147411e+00
2.740034094168639189e+00
2.730100478128589803e+00
2.722454957390040953e+00
2.746046784938362073e+00
2.752923658066007029e+00
2.749014789362336675e+00
2.716085626118611707e+00
2.708776707642584380e+00
2.720096288498961012e+00
2.728513642868643174e+00
2.733515032407307643e+00
2.766612296096981005e+00
2.760371325021196753e+00
2.792024805365461937e+00
2.814279001321132956e+00
2.822396898133555432e+00
2.835064256724199261e+00
2.829815851948069838e+00
2.833200988803238118e+00
2.845791969997945703e+00
2.818243507252948366e+00
2.804137279849055808e+00
2.789654780640823617e+00
2.816271157823222016e+00
2.833417664194564090e+00
2.829384171599671483e+00
2.845370483741117784e+00
2.796712842340941307e+00
2.869285304784371160e+00
2.880838235554874505e+00
2.881751209339226794e+00
2.877536036170331268e+00
2.899123897017373608e+00
2.918492865257779734e+00
2.907499609863303025e+00
2.838533682710023598e+00
2.821172100675767069e+00
2.848775299068414757e+00
2.820646782873704073e+00
2.865850222739991349e+00
2.849675574943320910e+00
2.782718214876382934e+00
2.809467812480019866e+00
2.809526349393315581e+00
2.836847998563641227e+00
2.899744299087219535e+00
2.917078958750619400e+00
2.948379492873963059e+00
2.954297007338542613e+00
2.979541482300147148e+00
2.985963765287825478e+00
3.003013392633701262e+00
2.976765297504564867e+00
3.003036978545270852e+00
2.998350289471944485e+00
3.018089720512496132e+00
3.012544820864654138e+00
3.019830969429248668e+00
3.031656601600307699e+00
3.028758396377833950e+00
3.014192249441502547e+00
3.068217494870233431e+00
3.071461904220060823e+00
3.068102709428174091e+00
3.054733800771224583e+00
3.052103316822888601e+00
3.043546603341263701e+00
3.062074701354408290e+00
3.010449098005541391e+00
2.996929967656953409e+00
3.019077039326402812e+00
3.052519090924820322e+00
3.036615326984352770e+00
3.059309728834977538e+00
3.017733080064901596e+00
2.983487048462495572e+00
2.990227208212437482e+00
2.953726246105739417e+00
2.939230858568694593e+00
2.946070454296366048e+00
2.971141958906473146e+00
3.028320893589256269e+00
3.039504452465175532e+00
3.017445613721778663e+00
2.931934323872382286e+00
2.899384376762994098e+00
2.923432884723164982e+00
2.971209669088860750e+00
2.874716782970400786e+00
2.833177055168960123e+00
2.850917869649991943e+00
2.851684863157619709e+00
2.882857685756772703e+00
2.897832542469459760e+00
2.922191031176356812e+00
2.961790855222884211e+00
2.936959999504573648e+00
2.952720078366874557e+00
2.890394473839581035e+00
2.887423536698890292e+00
2.915773500803656049e+00
2.936908835075317192e+00
2.949226131000579620e+00
2.946159182056701464e+00
2.959750741557912512e+00
2.920945868388241440e+00
2.927156975903794311e+00
2.920436113431326142e+00
2.932975209946092843e+00
2.982979656765919696e+00
2.975642719792895630e+00
2.959162153909789872e+00
2.936224538522298477e+00
2.971144067897013130e+00
3.000847880597433015e+00
2.983219169138868754e+00
3.011483257525858992e+00
3.026932630540070335e+00
3.051457826438493282e+00
3.088706357102331435e+00
3.078990511709660094e+00
3.103436998440899597e+00
3.100645567866227026e+00
3.104663895802354023e+00
3.109393841370900802e+00
3.115127206161019124e+00
3.138072494152177594e+00
3.158897882013658620e+00
3.159720433768278269e+00
3.161645604962429079e+00
3.168369666877340673e+00
3.146775481394921581e+00
3.159019731481517379e+00
3.170845630075149746e+00
3.177729244852197432e+00
3.201510057568774048e+00
3.200628748037619875e+00
3.207900786771373358e+00
3.204976698544627745e+00
3.193563308173822168e+00
3.213723803671832968e+00
3.212022032918476988e+00
3.221854777247799007e+00
3.235998061357207245e+00
3.284118045964791399e+00
3.282190202390359524e+00
3.303216753232174785e+00
3.278324596716053030e+00
3.245409558003121031e+00
3.271579323365489067e+00
3.256841372874554441e+00
3.270561055249637139e+00
3.291422599795966963e+00
3.273166502419205592e+00
3.278321918713174021e+00
3.231842753096819454e+00
3.280591108089621954e+00
3.276688571949184503e+00
3.288890506988102924e+00
3.308004064605311267e+00
3.301674493941410660e+00
3.267546708802479216e+00
3.265069452799758576e+00
3.260298486818999475e+00
3.288849378239685706e+00
3.225482835105580204e+00
3.223272363043143685e+00
3.248826784898027675e+00
3.226048176593711236e+00
3.232126853008665535e+00
3.207437042866202237e+00
3.250069326983196394e+00
3.270729569056436858e+00
3.268324483741028352e+00
3.300523124711867151e+00
3.313566167166435150e+00
3.326115905603980405e+00
3.352952197994405470e+00
3.364869482423994196e+00
3.367571297006549891e+00
3.369855287509198050e+00
3.366267163376262417e+00
3.380415603817669368e+00
3.388323192247949311e+00
3.385838647676234547e+00
3.386196622625482711e+00
3.403462029547037027e+00
3.416137804293882585e+00
3.417943621761922124e+00
3.413677992253272286e+00
3.427181741526145853e+00
3.429771337921216023e+00
3.402804653720585382e+00
3.421999006886931927e+00
3.419438175264443380e+00
3.392779739976282460e+00
3.355775993975949945e+00
3.395163516928132896e+00
3.397150707386452417e+00
3.423740904598397083e+00
3.410954747841239421e+00
3.367797230353743565e+00
3.351019453029833617e+00
3.396066576808423942e+00
3.334561178539754867e+00
3.365002997181823385e+00
3.364434614303416282e+00
3.355405083964532409e+00
3.308312594560652187e+00
3.313907941543252633e+00
3.352542922305506323e+00
3.346239439135799465e+00
3.291355131771540599e+00
3.358088588651047424e+00
3.290696440626770247e+00
3.181547875550791993e+00
3.127370254772601665e+00
3.136184298320067398e+00
3.134745535435538244e+00
3.120347045063420310e+00
3.162314137235653799e+00
3.203521878851011362e+00
3.293657125144657360e+00
3.268134566155245668e+00
3.318631744114998838e+00
3.350117560966929808e+00
3.350943066320471786e+00
3.409872677007177444e+00
3.395240970596196117e+00
3.409934858757571519e+00
3.484716006789116971e+00
3.495747785287530718e+00
3.476303070492394287e+00
3.482214179616360816e+00
3.493786185264123656e+00
3.478879802323499693e+00
3.502139051517642709e+00
3.512806690654600494e+00
3.510476183027201547e+00
3.518849369740854272e+00
3.523251729427902212e+00
3.508244354196082160e+00
3.542484000680088396e+00
3.526683567154908161e+00
3.539789677975129667e+00
3.557611509257994520e+00
3.583685369581508073e+00
3.588255439756817822e+00
3.617113823517094762e+00
3.629464246591462828e+00
3.589030295940617954e+00
3.613334074122966033e+00
3.637814459099465214e+00
3.636573623421233137e+00
3.640363137271823923e+00
3.609772280811450962e+00
3.608830125277280310e+00
3.541772429068043682e+00
3.556484923091929762e+00
3.520987915815770197e+00
3.481033596212762316e+00
3.427079058878932383e+00
3.497975936137918573e+00
3.572708657859577031e+00
3.585901967344613972e+00
3.600476322196527690e+00
3.586475399100842676e+00
3.595632447249174302e+00
3.614814203272877613e+00
3.618365733598841061e+00
3.590457297779748647e+00
3.562042635590013440e+00
3.557227501709037565e+00
3.500755574220553612e+00
3.447717524210378581e+00
3.489731357729693340e+00
3.552220161466874693e+00
3.526110289752458993e+00
3.495013577081302003e+00
3.486047310838912949e+00
3.471977870764989316e+00
3.440385034278699461e+00
3.496286505532180122e+00
3.523989598754602603e+00
3.555261395991403894e+00
3.616351102656664818e+00
3.622593059356931544e+00
3.632862253105224148e+00
3.566204757801601843e+00
3.517122777060514682e+00
3.543648842816165434e+00
3.517190925100774468e+00
3.548877678417606152e+00
3.600874150014711894e+00
3.596221914410651088e+00
3.645062668737267586e+00
3.618416688343899068e+00
3.595218487431083076e+00
3.661786920871619166e+00
3.670576616891960686e+00
3.720051652341570314e+00
3.742027845994934321e+00
3.749929440500971101e+00
3.745862820827993822e+00
3.773135222244676790e+00
3.799687710818154596e+00
3.787865416997837631e+00
3.800800196669546605e+00
3.803122066273799895e+00
3.818760021256072612e+00
3.806658811546725918e+00
3.848249938151687921e+00
3.812840739144459867e+00
3.795564638598573293e+00
3.813927371601189442e+00
3.758545745275431837e+00
3.766027310693185637e+00
3.696750286274470554e+00
3.692285918121609445e+00
3.716244060664759985e+00
3.705868904938375064e+00
3.762584023111701370e+00
3.752309968019032382e+00
3.779405068486684449e+00
3.783859996812471760e+00
3.816609337665638702e+00
3.794789163011560440e+00
3.781394648757769872e+00
3.672160525682153676e+00
3.654180130758756917e+00
3.676177138426362845e+00
3.722169354659190077e+00
3.690244883765534833e+00
3.671225023912492613e+00
3.682207357255044666e+00
3.712495741249493886e+00
3.709500525325668985e+00
3.743259616484482688e+00
3.761161258219320569e+00
3.778612344070989337e+00
3.765484548261730957e+00
3.757414116011634775e+00
3.775790096191785405e+00
3.786985460990695884e+00
3.736636811504153499e+00
3.783027851228515814e+00
3.819365375119298633e+00
3.852296911942130642e+00
3.859834071972172431e+00
3.876320936309705534e+00
3.857358684952509886e+00
3.837606066038552033e+00
3.834336751792572606e+00
3.778497663075620405e+00
3.842218783486673228e+00
3.846581266680390687e+00
3.789555964578003699e+00
3.778291808905233307e+00
3.798733690232281912e+00
3.843718310179945696e+00
3.839481747699923009e+00
3.827148131796898944e+00
3.828313110529168561e+00
3.876267001378224109e+00
3.891287463850016337e+00
3.907450396566547024e+00
3.903372253952648308e+00
3.910452188727679523e+00
3.927125987767083437e+00
3.925783464024531710e+00
3.895150910488660578e+00
3.959643824357336417e+00
3.952668308013233212e+00
3.937239335845679644e+00
3.947064910914757085e+00
3.930175408603618692e+00
3.933670180900949997e+00
3.906480362795010208e+00
3.913642703943115198e+00
3.871908906601634559e+00
3.871997602018492302e+00
3.913371095205314454e+00
3.911770178302371281e+00
3.884875005996531350e+00
3.867156047555291298e+00
3.887897213796708495e+00
3.896899784272712441e+00
3.950845816243884645e+00
3.940135930494006455e+00
3.965656091111600556e+00
3.965838435602043521e+00
3.932770613922642600e+00
3.928015631009049269e+00
3.884504658114168230e+00
3.789744920474307666e+00
3.808188076194999994e+00
3.832537667425621741e+00
3.837121228678370244e+00
3.817099285231157602e+00
3.825315522937273727e+00
3.755163766231295774e+00
3.760269638852371088e+00
3.813138801509417419e+00
3.861804359428197664e+00
3.895993453709954313e+00
3.888747940023372429e+00
3.931322916524607525e+00
3.967278404471450415e+00
3.969085273111495393e+00
3.958970042900990194e+00
3.936149457427691623e+00
3.927779077041011035e+00
3.869438508815916222e+00
3.842503576264093557e+00
3.896421045990623000e+00
3.912828597480971560e+00
3.943944052813704637e+00
3.937527420768288877e+00
3.945628484459825280e+00
3.954479714098437348e+00
4.005550051802765132e+00
3.939510010462661249e+00
3.941733410537398008e+00
3.991688393622696562e+00
3.950152722295976027e+00
3.961401301226288751e+00
3.951081602647708468e+00
3.950193122477554830e+00
3.993355498909204382e+00
3.960733675501299622e+00
3.931486983661963475e+00
3.807060075817081390e+00
3.670945183090534858e+00
3.530243113523350296e+00
3.497801014967266919e+00
3.659658800769899134e+00
3.771657700274671843e+00
3.780088349162177064e+00
3.738151239650782109e+00
3.627090679174505006e+00
3.712115920923588330e+00
3.713999285971743003e+00
3.663859132385165474e+00
3.774332373628439541e+00
3.726041032446111956e+00
3.759373802339506021e+00
3.775983667792766063e+00
3.766543967243530133e+00
3.820610649615593601e+00
3.845908452630907970e+00
3.848813261682075382e+00
3.792455837259810281e+00
3.790832724281325117e+00
3.737082223788930513e+00
3.725247266551255265e+00
3.718741136984340390e+00
3.691471071760034750e+00
3.583488635016593093e+00
3.580520690911647819e+00
3.676084785518288545e+00
3.661279934791482837e+00
3.728511552518055439e+00
3.787922024142121202e+00
3.758192997046975847e+00
3.788806430091137045e+00
3.817735209407776331e+00
3.828023078596560769e+00
3.834988229164078000e+00
3.799132192035535205e+00
3.807843588313160943e+00
3.863538136811397905e+00
3.884390502502942155e+00
3.905840747168282778e+00
3.874835455011723884e+00
3.858696524200675437e+00
3.939945238998781463e+00
4.010796977922982620e+00
4.014884027983734782e+00
4.006204652468981386e+00
4.032345741955494667e+00
4.008491018958080687e+00
4.004865736819903432e+00
4.051417628660594517e+00
4.068556520384440489e+00
4.087926303074514323e+00
4.078899704052002306e+00
4.105394833815646294e+00
4.057097235872345387e+00
4.043990695573124405e+00
4.046793240532275959e+00
4.006388988971602672e+00
3.955355214229164584e+00
4.009428999826132767e+00
4.027159103138263418e+00
4.089012300049271964e+00
4.098487571129451723e+00
4.121870093741306640e+00
4.108768132409332807e+00
4.109859641273431841e+00
4.118244579356835189e+00
4.135121458811985562e+00
4.118881503096326391e+00
4.176142903355081870e+00
4.142446228276538633e+00
4.079388536187868119e+00
4.165150315095396572e+00
4.133785312554929092e+00
4.131571096864009363e+00
4.071034458420821345e+00
4.089526685863225097e+00
4.009114021765201485e+00
4.024450884045750243e+00
4.085254788913552204e+00
4.137147981737647306e+00
4.082911197518693136e+00
4.016394122961256308e+00
4.063743576009841263e+00
4.089427937156213666e+00
4.117368329708868124e+00
4.120914412760184220e+00
4.118975783887599107e+00
4.180176851308146091e+00
4.147116681674171801e+00
4.096263096790939251e+00
4.006740432644904537e+00
4.001658643489919065e+00
3.956815576906805187e+00
3.843250642588271759e+00
3.795536992305438506e+00
3.808794950811704272e+00
3.849441327415667136e+00
3.714248562351391225e+00
3.797656623997672121e+00
3.673615060305317037e+00
3.682567258274745736e+00
3.677172003724421767e+00
3.690208841236186643e+00
3.771933825126788431e+00
3.714024471405425576e+00
3.735833714627085911e+00
3.657813283927801251e+00
3.663310444979099412e+00
3.767710650671936889e+00
3.784708813895087509e+00
3.689142563868978542e+00
3.693832138549130839e+00
3.697023118063108793e+00
3.561780591488871384e+00
3.479739819225747599e+00
3.475865654604298083e+00
3.490030317819861949e+00
3.480720375741967132e+00
3.541626642504054345e+00
3.634754901982071296e+00
3.732072741596173859e+00
3.707898758718220389e+00
3.732770078184528550e+00
3.788564876112920032e+00
3.737557477724294142e+00
3.776030537337253357e+00
3.827162030964812889e+00
3.812617905792376582e+00
3.788635848663091554e+00
3.904918759306771125e+00
3.909089662996038772e+00
3.909445302327910543e+00
3.925594785562216860e+00
3.925606246550639167e+00
3.870646861251961113e+00
3.890937793610404594e+00
3.898091659319823155e+00
3.959916665172777961e+00
3.961790920900690072e+00
3.950528298023971097e+00
3.979422514179842274e+00
3.990037637894545686e+00
4.016979406832346555e+00
4.037232183996628088e+00
4.041406734781783250e+00
3.996722677293814474e+00
3.997421268508997372e+00
3.994022002430978269e+00
4.062247456882068342e+00
4.081091438474704347e+00
4.078926122630440965e+00
4.142282168718379509e+00
4.133909919935129018e+00
4.101653862264578621e+00
4.166869249833620614e+00
4.109683897226566351e+00
4.117168505606847440e+00
4.099184993305917679e+00
4.123034101195035106e+00
4.188993925109329552e+00
4.176917710572140230e+00
4.181538837426293398e+00
4.210888195000754841e+00
4.157808821535916799e+00
4.160047337904747344e+00
4.152869011601193705e+00
4.126945805270660017e+00
4.134307456626794774e+00
4.142365448373088732e+00
4.135849297291152027e+00
4.079337763349478507e+00
4.039270144616753377e+00
4.082402548910014417e+00
4.030575444242864513e+00
3.986944310028133209e+00
3.989143640014048753e+00
4.015559636353651207e+00
4.023210144568326818e+00
4.078984665155105382e+00
4.047243236433118341e+00
4.018515081511374376e+00
4.018101932801359411e+00
4.066026993428572212e+00
4.020825465470662330e+00
4.059119912669772567e+00
4.040105625247914389e+00
4.109904042076922615e+00
4.109800382217811077e+00
4.196587670448803209e+00
4.220965158261708261e+00
4.235310948310470280e+00
4.260782756967582685e+00
4.268221697014939586e+00
4.278351059543532564e+00
4.290447109217544686e+00
4.274788403797296077e+00
4.283911621784349144e+00
4.280127916931514953e+00
4.283631711535685227e+00
4.276381349791510189e+00
4.215707163797839385e+00
4.194226890057919377e+00
4.192436795481908618e+00
4.185250053764214329e+00
4.202882858117544806e+00
4.164708519568342204e+00
4.201556395899674889e+00
4.209596521366330890e+00
4.193458201213532632e+00
4.272233673694520562e+00
4.081634190626123093e+00
3.996370490751151028e+00
4.085674618122308921e+00
4.175614154369206688e+00
4.242747398406327086e+00
4.250041196891270801e+00
4.224630916249650703e+00
4.244225232024074757e+00
4.270911410181449597e+00
4.349407747832877646e+00
4.376973040063536047e+00
4.413749459376677287e+00
4.409153269285632781e+00
4.434345742941773416e+00
4.431527254867191346e+00
4.454115036856411969e+00
4.430233371654834329e+00
4.486291504874178493e+00
4.465656745443373765e+00
4.492750272838514469e+00
4.506907810666680447e+00
4.531537718066330989e+00
4.546414314840349746e+00
4.551421644945687461e+00
4.554211109960775161e+00
4.572393380138390029e+00
4.556610177124652772e+00
4.562509382986757345e+00
4.580698453006282200e+00
4.641293162463653310e+00
4.627651878671657393e+00
4.647041106940597466e+00
4.627909581831467278e+00
4.652410150275751555e+00
4.661025483141566284e+00
4.687855059549509207e+00
4.649393409819367662e+00
4.654027232036849426e+00
4.669226188294100410e+00
4.678035447097918187e+00
4.680926599534442900e+00
4.700486895880822580e+00
4.656808822780205581e+00
4.662055507197415238e+00
4.682824628918016430e+00
4.689673892768414731e+00
4.680938033686764754e+00
4.677459097014979861e+00
4.691492132495170608e+00
4.708544043326878814e+00
4.729752287053585746e+00
4.719722104387968464e+00
4.699649222179119512e+00
4.571141567163246044e+00
4.656549261332971312e+00
4.596151960314637464e+00
4.616594779655439851e+00
4.693079955136874482e+00
4.693712447101457741e+00
4.683994650566523532e+00
4.697652477276519356e+00
4.764062611785781165e+00
4.793306251147133601e+00
4.765362776049773430e+00
4.730574828369089602e+00
4.782892435956179078e+00
4.783697477943133158e+00
4.755432986369636517e+00
4.801957508777413786e+00
4.795697449347176011e+00
4.779751994344697330e+00
4.801719667583311590e+00
4.794740499811810608e+00
4.784545587895062901e+00
4.798168428676233610e+00
4.687249321587550810e+00
4.675650955368683803e+00
4.648886479824382079e+00
4.660947471584172774e+00
4.648137202025325543e+00
4.715559318938105093e+00
4.713265894811444312e+00
4.712541650912312363e+00
4.710973750909080771e+00
4.777405548348775177e+00
4.752387862070752256e+00
4.735055482395429394e+00
4.709420994199702726e+00
4.685822882009980539e+00
4.680778886383722082e+00
4.644987988547689461e+00
4.619284633966926457e+00
4.590571544947247062e+00
4.584182339202599543e+00
4.706902729878504665e+00
4.745184905590140723e+00
4.763380983284555725e+00
4.695923979314542862e+00
4.737389728319875815e+00
4.704735103034896504e+00
4.761484988248405159e+00
4.784658844785046661e+00
4.824573055573759817e+00
4.811914267923933508e+00
4.857678161409214823e+00
4.887024064981134508e+00
4.879454141082284480e+00
4.895046072899435607e+00
4.874862569354434072e+00
4.884827855061423030e+00
4.820846481853110710e+00
4.713717692827568584e+00
4.734937592866954148e+00
4.774073711963597866e+00
4.795583987464317133e+00
4.881077911136602943e+00
4.888483857398019161e+00
4.896501575451958743e+00
4.891668007532794960e+00
4.944749799096600285e+00
4.930019518269685541e+00
4.968960825995149655e+00
4.940777529270440560e+00
4.962463222544177377e+00
4.984553258879377502e+00
4.979783791046906494e+00
4.991006926854636205e+00
5.011366791486663530e+00
5.044609074396602999e+00
4.990947824471795080e+00
4.984954401960838055e+00
4.930264897307100824e+00
4.977996906120220721e+00
5.013071943869792157e+00
5.025328052523099664e+00
5.059758257747914989e+00
5.076575664536712829e+00
5.118576100300383125e+00
5.127914380056677324e+00
5.112930032328179664e+00
5.138140419873152176e+00
5.108626620714568745e+00
5.136020177338975756e+00
5.162808344413957862e+00
5.178196497024088352e+00
5.168795489412517874e+00
5.217330346154528620e+00
5.271903171265769572e+00
5.265915989259721819e+00
5.287316787968205034e+00
5.254383841146170298e+00
5.244425163759538044e+00
5.267940666524247639e+00
5.281780971548734271e+00
5.310672222605660409e+00
5.309457753769746269e+00
5.333095570459128076e+00
5.324820148321129487e+00
5.337576223666917308e+00
5.374514014263936268e+00
5.401381264960585682e+00
5.408518888124483226e+00
5.446325895619335888e+00
5.435884890582201479e+00
5.459815576444655427e+00
5.497065296427956937e+00
5.491234478389079854e+00
5.458226498455618803e+00
5.487359004025542220e+00
5.497620022524809080e+00
5.487981634976851097e+00
5.551461727843541638e+00
5.523154500840451675e+00
5.539214784989611395e+00
5.526043274900888314e+00
5.505573702590620400e+00
5.510110942663326128e+00
5.519147780236044909e+00
5.549210685350653094e+00
5.569830473908146118e+00
5.564730949097480561e+00
5.611657745967309374e+00
5.590708614352955408e+00
5.593977005906151767e+00
5.602388875885766950e+00
5.512641706021240928e+00
5.555876501450596194e+00
5.543351229089277687e+00
5.582423817358582951e+00
5.595788782367287162e+00
5.617204518196571073e+00
5.633207917786481111e+00
5.640059580093129910e+00
5.635608779330017803e+00
5.636758109429261587e+00
5.634765459523080722e+00
5.601553037877296859e+00
5.622322799762828005e+00
5.627753337685753365e+00
5.619968361506592736e+00
5.598480128241171805e+00
5.560711738103852220e+00
5.542663043710100546e+00
5.598858334078307131e+00
5.593941037539826411e+00
5.625056232878884899e+00
5.681590046763377089e+00
5.679627335946768163e+00
5.745983201910468630e+00
5.803277032146408665e+00
5.790134283227210688e+00
5.829576706305959810e+00
5.830184858023780947e+00
5.874564784299931119e+00
5.879070744829873796e+00
5.862523722163757611e+00
5.879367238702441156e+00
5.923740905200601148e+00
5.901917691363001595e+00
5.935066100831797087e+00
5.963327142999568231e+00
5.962829621694809568e+00
5.978077945319862252e+00
6.018385331092306778e+00
6.039839615537733408e+00
5.876816794862539162e+00
5.930545479085346017e+00
5.981343157154320522e+00
6.039153421809310807e+00
6.052523798683628442e+00
6.096166406462764087e+00
6.152285107470587988e+00
6.167534749072551392e+00
6.182575836682510761e+00
6.196245353381165444e+00
6.218429111706569756e+00
6.276688729193924843e+00
6.270331581015185840e+00
6.260303095366870352e+00
6.289700927849496637e+00
6.303587413347781165e+00
6.141267564594227402e+00
6.119692052164034557e+00
6.167893957605249611e+00
6.133596782041939477e+00
6.104222626111253547e+00
6.078381823346321156e+00
6.176114179568200413e+00
6.140325885022574148e+00
6.203822738895924616e+00
6.210457121394319380e+00
6.223826972051886841e+00
6.193828181628878937e+00
6.066279257986123774e+00
6.159112071068912009e+00
6.035682671198308924e+00
6.021170033045244452e+00
5.960244208012558609e+00
6.021483741468393269e+00
5.976195241889161736e+00
6.044036807353839080e+00
6.075567806034414708e+00
6.098393568721446556e+00
6.177739543732196026e+00
6.171730566816639119e+00
6.228913146106897614e+00
6.221066010634864973e+00
6.274654320052363232e+00
6.313871293844797172e+00
6.317998343204346057e+00
6.316968358911119630e+00
6.332022037392269098e+00
6.315507713322129568e+00
6.358323074613526416e+00
6.311411794914521423e+00
6.299719520192298639e+00
6.283055683305013517e+00
6.275631633193640369e+00
6.281918040894104216e+00
6.277079643162192468e+00
6.257868170666202268e+00
6.306534672010903009e+00
6.288923420988552060e+00
6.282102265755177939e+00
6.148075249877593684e+00
6.198321161371054266e+00
6.288484417309378571e+00
6.297152817633483224e+00
6.327189142753575801e+00
6.182007668095840458e+00
6.182615006737726127e+00
6.178427977862586573e+00
6.276533326840177729e+00
6.255191951526824390e+00
6.234848917237723498e+00
6.220006361289545538e+00
6.239281112759575088e+00
6.260961067925218337e+00
6.355732520260366947e+00
6.422846399338681955e+00
6.427878216138505962e+00
6.375346468291025026e+00
6.400581592976100964e+00
6.423344459083218716e+00
6.376669296125264452e+00
6.464306140044445925e+00
6.484668535807345258e+00
6.485574556728841422e+00
6.468740737225664006e+00
6.481961418673869879e+00
6.516057525443038401e+00
6.524356645204911764e+00
6.499883611678150430e+00
6.461998120766597076e+00
6.473354111109885345e+00
6.398573255063974230e+00
6.399611262539014689e+00
6.468735505057337853e+00
6.469689337662815731e+00
6.518496213769921610e+00
6.531872008399306040e+00
6.545264868339248920e+00
6.562395425568722906e+00
6.618424798436675083e+00
6.628882127660469692e+00
6.620695984348593299e+00
6.643413617141050942e+00
6.665814485049921245e+00
6.642765979320953029e+00
6.658537770911004294e+00
6.657587516930953520e+00
6.660056454013689731e+00
6.666547036027019146e+00
6.686703132239128600e+00
6.714500931841591580e+00
6.686425333531749615e+00
6.694425263676313520e+00
6.651645228432232493e+00
6.655428833770187680e+00
6.768777031237830144e+00
6.743614882491782758e+00
6.776418230879843740e+00
6.770311269816011723e+00
6.757375409124868781e+00
6.845684769500551603e+00
6.822495072351918211e+00
6.823033321947107765e+00
6.856931776269863832e+00
6.803882928856177514e+00
6.818690645233131065e+00
6.843798645420637428e+00
6.825777423543462952e+00
6.792325132778242569e+00
6.893225355519054354e+00
6.873577382576164574e+00
6.885067137368909407e+00
6.938565219729608380e+00
6.925841428362137009e+00
6.956566646502849949e+00
6.946884081465963590e+00
6.967045932728750834e+00
6.825618064699177978e+00
6.882994296194543615e+00
6.851824439741037942e+00
6.770354360342308198e+00
6.767790924650451956e+00
6.807121369372596931e+00
6.833579253094284489e+00
6.849958272096360545e+00
6.900023053725301558e+00
6.887587065054383118e+00
6.917219587409858761e+00
6.896574583946582848e+00
6.971352820615159374e+00
7.012952575429745927e+00
6.982658969535008531e+00
6.986048884266926606e+00
6.965993069539247351e+00
6.960778333977189369e+00
6.933707883364494506e+00
6.936075436858809340e+00
6.950569060140882272e+00
6.903727978416031696e+00
7.040499414866889794e+00
7.132939434913757815e+00
7.145057270863359733e+00
7.203451359101456397e+00
7.236273760231773267e+00
7.242885354832514722e+00
7.228100847558810216e+00
7.269552483071668014e+00
7.326445527821332071e+00
7.329126670675481847e+00
7.454914622290905513e+00
7.453649829244398894e+00
7.482929480102677111e+00
7.554658088066607213e+00
7.612240583669754201e+00
7.562635172874502487e+00
7.549689837744213428e+00
7.671143779649379546e+00
7.640717077956613146e+00
7.560369192888248158e+00
7.570505512975072016e+00
7.495709553180636142e+00
7.347355942792614947e+00
7.044374466261113632e+00
7.217484222481395761e+00
7.147339768144924221e+00
6.854151908992151654e+00
6.972744622962708583e+00
7.096770792495160407e+00
7.122921493525854686e+00
7.232160102284192149e+00
7.376217172291764435e+00
7.365986170410174338e+00
7.382910721656956277e+00
7.339395969084784532e+00
7.326588218244658890e+00
7.488053811731449905e+00
7.587503606508245291e+00
7.496671932342007239e+00
7.462767807771446549e+00
7.361343084375891799e+00
7.458417667515346849e+00
7.549339547947797158e+00
7.603825466386584075e+00
7.646644544695736734e+00
7.684892737382553740e+00
7.835031746974296496e+00
7.875375459676843271e+00
7.806573006540859616e+00
7.786523803752467998e+00
7.771597932484804794e+00
7.758010495724892763e+00
7.609463627464683633e+00
7.638597291066113293e+00
7.623204019011244448e+00
7.432274167714807867e+00
7.228692012994735627e+00
7.489668968169345575e+00
7.265683490047127435e+00
7.185601122988380496e+00
7.321586425672719223e+00
7.104277270873287087e+00
7.198176190750438685e+00
7.322457880775830930e+00
7.316070795809612726e+00
7.141911012126128888e+00
7.186691144873567083e+00
7.351120130198609104e+00
7.317018349786949649e+00
7.396253419830541631e+00
7.369024245511657689e+00
7.407553972290363831e+00
7.547283641759113593e+00
7.575711789268119389e+00
7.449655470123369483e+00
7.353671669706270286e+00
7.322115420025919974e+00
7.199515979833954304e+00
7.220676742814038818e+00
7.349662642026157044e+00
7.314348278535607761e+00
7.245250881935793252e+00
7.312478840388437540e+00
7.229458541698971175e+00
7.210389282410624823e+00
7.367827619434804909e+00
7.419231017032080544e+00
7.403701885779660152e+00
7.491965609202081211e+00
7.562667748762909703e+00
7.558829739505766199e+00
7.569151815390351423e+00
7.486819289488107820e+00
7.554741112817844773e+00
7.526770992176368580e+00
7.490145536005571536e+00
7.526658059644899090e+00
7.526377668123361175e+00
7.595303938993565929e+00
7.604647146402389701e+00
7.611251587477236846e+00
7.570712618543257832e+00
7.639765954786004620e+00
7.596152531761184434e+00
7.734621009614053300e+00
7.806854771420389305e+00
7.816402199310582333e+00
7.914721859778554247e+00
7.834573931890903786e+00
7.840288710471090106e+00
7.866638074579931583e+00
7.923873211104080383e+00
7.911226527363753647e+00
7.995390262789773494e+00
7.984149013204739020e+00
7.941743835943591456e+00
7.931882908753001615e+00
7.953352503036258625e+00
7.883760811939271917e+00
7.866647495447738336e+00
7.701400742814819012e+00
7.731782539253778452e+00
7.614677689114236259e+00
7.690189718663414276e+00
7.708526438183767482e+00
7.754365701538974420e+00
7.667966022258492664e+00
7.766336987802175074e+00
7.903181312892520793e+00
7.958909992851918247e+00
7.984980788393212237e+00
7.920434414856018179e+00
8.031100611818059676e+00
8.039396350358613219e+00
8.021617897780926043e+00
8.085902062276142388e+00
8.121547602430945645e+00
8.086767654776817693e+00
8.073584656524383618e+00
8.067487443950996706e+00
8.052476274023495861e+00
8.155256575159958388e+00
8.164703246682895710e+00
8.064168306048992818e+00
7.946683015244847326e+00
8.034180762628912120e+00
8.024307692058087582e+00
8.141313462834215642e+00
8.167303557128359870e+00
8.204758181404903539e+00
8.258186855629780609e+00
8.241117288887521042e+00
8.225547069769042707e+00
8.149786278696200981e+00
8.130390729596555843e+00
8.163068554709253632e+00
8.047698017290848327e+00
8.073841618300635403e+00
8.023158672058626095e+00
8.033280684430692986e+00
8.116614734953923715e+00
8.151056590308328964e+00
8.132880245126036911e+00
8.261225985890897405e+00
8.335646100225574173e+00
8.342558538263606494e+00
8.404245176034716991e+00
8.369929030835885797e+00
8.380052899860311655e+00
8.340368840971050801e+00
8.246981390065135642e+00
8.162237529497092581e+00
8.135525047258289177e+00
8.203649725767670375e+00
8.201860333485361920e+00
8.180398950456984508e+00
8.276279506469156999e+00
8.286196560457579352e+00
8.184782440417272653e+00
8.263861335965952293e+00
8.257893967070605967e+00
8.341231227335207166e+00
8.333056749235863592e+00
8.338372583629196200e+00
8.321659342780483470e+00
8.328712811290809981e+00
8.393739801930076183e+00
8.394582102989000205e+00
8.431379201743332885e+00
8.440118836994187745e+00
8.427127406780158481e+00
8.264917564288900564e+00
8.148984298463691545e+00
8.091751616602527619e+00
8.102023271537916571e+00
7.758281464010859274e+00
7.636513981069100510e+00
7.842599756208044504e+00
7.752999963905602421e+00
8.007246998502351332e+00
8.024520939573609013e+00
7.845215224320843284e+00
7.789899914496603905e+00
7.816350157754902384e+00
7.794443395382729456e+00
7.427232216662396524e+00
7.624869395501545632e+00
7.482335445166961918e+00
7.398937697323646923e+00
7.579326290024752666e+00
7.728513173151824844e+00
7.861408779552983006e+00
7.821431796055087204e+00
7.809456615531960466e+00
7.866293707082520292e+00
8.076580698948083281e+00
8.020344964386538322e+00
7.885458052340248436e+00
7.654304066152493924e+00
7.680050821980274556e+00
7.640297956934240631e+00
7.799870051114874414e+00
7.770269170475120113e+00
7.522941884662936118e+00
7.434267447605583001e+00
7.482893011878459788e+00
7.442052307936394939e+00
7.591798809089524980e+00
7.625254874110400927e+00
7.859428076906306515e+00
7.847560324106060747e+00
7.926859006763774751e+00
8.029836338534726892e+00
7.734895652250147080e+00
7.778625927614196023e+00
7.519483578488651787e+00
7.603178014104917004e+00
7.629489032313640173e+00
7.705226025070734508e+00
7.682857770059555058e+00
7.488486238247548776e+00
7.346238884351089737e+00
7.367995828340177411e+00
7.202771684206850544e+00
7.102051216561589442e+00
6.919412766925723268e+00
6.718336046518443183e+00
7.105282210705480495e+00
7.161425116682831771e+00
7.179523891699528093e+00
7.237029509539839367e+00
7.242639691076020014e+00
7.019458897064758673e+00
7.337480409526707881e+00
7.429635959743889906e+00
7.450581057099181947e+00
7.545499897015710111e+00
7.597455556664447940e+00
7.589360583758606893e+00
7.506363360266719020e+00
7.607785556771520241e+00
7.576012815179317350e+00
7.649149566836554115e+00
7.744402122555548829e+00
7.586576983707705502e+00
7.591372093250351227e+00
7.721334621270334431e+00
7.819492527110710078e+00
7.718750738024032998e+00
7.669167325830509974e+00
7.805842387415722783e+00
7.900753242783003394e+00
7.911703291898944279e+00
7.973682878881944269e+00
8.026412232517840195e+00
8.035073225365223948e+00
7.927494391284363395e+00
7.951396502941454614e+00
7.947483498842831118e+00
8.081929902621324047e+00
8.104549873760008794e+00
8.124011217278692243e+00
8.191667271625103552e+00
8.190886123880668279e+00
8.198901772711460367e+00
8.137391713634094970e+00
8.219501455686053504e+00
8.238644198140500308e+00
8.234999672405246329e+00
8.272934233898389778e+00
8.254333041574849261e+00
8.309086741519838171e+00
8.270138548977550741e+00
8.246359546354863568e+00
8.170193562764815454e+00
8.080893122077689839e+00
8.081171839567256043e+00
8.242135838486733590e+00
8.280221124670072541e+00
8.354969414535670325e+00
8.348286236168341645e+00
8.451061527994655265e+00
8.446080907574554431e+00
8.482487011738223615e+00
8.493247907471834779e+00
8.589669417053558576e+00
8.394386500263220086e+00
8.370723162719686528e+00
8.446335766054405170e+00
8.382064383669707297e+00
8.398238665118590518e+00
8.484758381424834184e+00
8.616824358983656396e+00
8.625227239346385133e+00
8.688409800280672002e+00
8.652233387827635624e+00
8.708137900102592255e+00
8.718537049835331842e+00
8.662908734718095971e+00
8.723294483705961611e+00
8.695004028512565597e+00
8.737192188120374681e+00
8.719304877187747493e+00
8.767791823503646498e+00
8.759346269474821867e+00
8.767672199540015754e+00
8.767292258673782257e+00
8.868362959881290308e+00
8.846475554466369573e+00
8.863267724071606679e+00
8.846406526903248135e+00
8.847094772319048062e+00
8.830503297138564633e+00
8.766920131665187910e+00
8.787184511470567116e+00
8.942531719223909548e+00
8.903300292485745615e+00
8.711435741045885806e+00
8.678356711402683388e+00
8.642324986078460114e+00
8.667953653248291701e+00
8.382662202371303550e+00
8.505450803287530448e+00
8.600237541388869644e+00
8.667787187366297275e+00
8.581575922144335067e+00
8.414129494385518271e+00
8.501441543750720697e+00
8.458062552874688222e+00
8.352664763955688798e+00
8.334429330755069643e+00
8.271651731499227722e+00
8.227137369749330631e+00
8.260265473424905025e+00
8.139776156087135561e+00
8.056672454824049368e+00
8.295136420686223033e+00
8.352655011288501186e+00
8.414821677091810059e+00
8.556747032025858957e+00
8.656696020558090510e+00
8.654572698222830596e+00
8.582338828935425212e+00
8.625240573948964595e+00
8.545107381109035671e+00
8.580393877547047410e+00
8.729763997906761830e+00
8.793846667010631890e+00
8.883813196331615814e+00
8.870164925489712360e+00
8.853040662311428832e+00
8.735363940162246266e+00
8.782333311068983406e+00
8.847731232911385746e+00
8.879219735519809475e+00
9.007524416268561041e+00
9.010220241398723573e+00
9.080282603741899550e+00
9.045827191676794499e+00
8.960771393221024894e+00
8.996630441748365570e+00
9.068035258021650336e+00
9.078475053169627884e+00
9.113135453442518852e+00
9.148413988439337174e+00
9.094365815311880041e+00
9.080866012763221917e+00
9.140145752135346413e+00
9.051873390619297410e+00
9.135003658411081418e+00
9.195842744443650574e+00
9.295436464348314942e+00
9.192537236393473421e+00
9.310462799259088484e+00
9.297689851445907649e+00
9.259934465730349729e+00
9.126390756753208322e+00
9.056709967785753435e+00
8.960151192382530994e+00
8.643022458087346038e+00
8.769799366966125831e+00
8.803935969040241005e+00
9.024625463200793618e+00
8.952668801897546658e+00
8.848292533283206751e+00
9.034301301469513490e+00
8.755278074128339583e+00
8.745031090015499942e+00
8.882050384162813117e+00
9.003272811100453410e+00
8.950711829130568731e+00
9.019511060035185324e+00
9.007586256883651998e+00
8.738079271629091593e+00
8.864757369921345997e+00
8.879700337658022136e+00
8.894550618695783228e+00
9.028545626592222817e+00
9.043405568783558834e+00
8.939785824023250171e+00
9.085318062156103380e+00
9.255490644840865144e+00
9.258298464465340771e+00
9.211380378541512925e+00
9.193442341490873915e+00
9.294439993013954293e+00
9.330054957457383225e+00
9.309898018771020745e+00
9.270506706261798513e+00
9.318053121994202215e+00
9.300768534170895663e+00
9.309403704797922785e+00
9.234378527060714603e+00
9.240333573534105227e+00
9.115631490441701956e+00
9.209521892739768845e+00
9.200051072053856416e+00
9.050372728036622405e+00
9.120887056618885325e+00
9.040458742671237502e+00
8.896488072815715853e+00
9.017254098019792607e+00
9.153384543684250474e+00
9.131134539612029144e+00
8.961041383888577627e+00
9.065218458910482724e+00
9.126862939626533944e+00
9.252443309951845052e+00
9.266534908244153712e+00
9.387757634502762016e+00
9.324629050107661854e+00
9.350388684901368208e+00
9.265534049872389488e+00
9.334893435012235230e+00
9.303012050375386366e+00
9.278173491814596829e+00
9.442387888468264379e+00
9.519751977440824575e+00
9.604908832226744408e+00
9.552105127267164875e+00
9.601531172502783207e+00
9.564464841871156864e+00
9.622315129796898958e+00
9.663675045438424149e+00
9.671875424558978196e+00
9.660417151970870364e+00
9.689970752597634629e+00
9.725632095142366040e+00
9.701336609642153164e+00
9.725680637585709221e+00
9.733145845410275498e+00
9.739361913714265739e+00
9.841695966935805728e+00
9.836079743528930663e+00
9.854197993893128782e+00
9.803613652174965054e+00
9.788017052607147050e+00
9.784789312686296370e+00
9.905807564035006507e+00
9.927031893566297782e+00
9.991974692002848712e+00
9.943606487527933524e+00
9.826353160109158935e+00
9.770714619136994017e+00
9.834761173146606694e+00
9.847529693616149160e+00
9.958723359202236836e+00
9.907391965596554328e+00
9.908184340978511528e+00
9.978141222396256893e+00
1.008761821681034476e+01
1.011269788441028084e+01
1.021602893640048570e+01
1.022163459560391807e+01
1.022406308276579345e+01
1.030274429135573477e+01
1.037718911282827605e+01
1.038531907603174176e+01
1.040191971039206109e+01
1.043034132255244728e+01
1.042372866079620763e+01
1.033650419921327135e+01
1.035986543501822865e+01
1.048322248619012065e+01
1.040474746642080106e+01
1.043424981976444244e+01
1.049146943122618936e+01
1.057244103761082954e+01
1.063199745703241028e+01
1.060157141344374665e+01
1.070804215693589967e+01
1.069879858099163528e+01
1.068647484584255203e+01
1.077433054244620436e+01
1.082802318042360312e+01
1.082542069796918938e+01
1.087404551223492533e+01
1.090467226009922719e+01
1.078833642725686559e+01
1.055808237538481720e+01
1.070569510957647630e+01
1.065782250923877328e+01
1.072383476184054452e+01
1.051719470183449801e+01
1.071395324613591526e+01
1.097548460144408189e+01
1.105973535077766989e+01
1.115764445938356531e+01
1.108075991444562902e+01
1.118243318841786227e+01
1.125379573678004697e+01
1.137869063053917529e+01
1.139951236449411809e+01
1.144926939183380554e+01
1.143587314404753386e+01
1.159636735341302227e+01
1.149572785640260975e+01
1.133399524659554913e+01
1.093228773804063358e+01
1.062044287715058921e+01
1.067637943265109435e+01
1.020185726530372783e+01
1.023336169755953406e+01
1.068758514959879058e+01
1.036618656399370586e+01
1.083460640595773050e+01
1.050951624044241761e+01
1.034177871836896578e+01
9.611774171351896712e+00
1.008791714395815120e+01
9.608496698424309201e+00
8.720904686334465694e+00
9.559938157987957652e+00
8.354779630134498092e+00
8.920431188601115835e+00
8.393386947445160118e+00
8.611927979646285536e+00
8.275041556783692798e+00
8.324867553442841128e+00
9.035213203543003502e+00
8.997981012574104653e+00
9.573329834664265903e+00
9.186357595689393918e+00
9.542342236574139491e+00
9.439161143461751280e+00
9.008950226075594259e+00
9.238414123817335621e+00
9.113628970449177302e+00
9.795726501838156963e+00
9.763037282455382382e+00
1.001041168933167747e+01
9.996454203456778487e+00
1.006867098429858309e+01
1.047186242733127060e+01
1.031642402286588656e+01
1.051353952322593521e+01
1.068456624978828984e+01
1.053647582202590272e+01
1.011379230181529820e+01
1.044515421814073619e+01
1.036693463625211642e+01
1.052310559320917349e+01
1.064674238642814252e+01
1.049683124519138033e+01
1.083196562081647407e+01
1.070134882378879659e+01
1.037744647711734736e+01
1.048265908822119385e+01
1.062884794818891265e+01
1.071485162469388719e+01
1.088768895079595644e+01
1.103663708522250708e+01
1.110845019258412059e+01
1.086403008716030882e+01
1.072560397996195469e+01
1.087447656304235188e+01
1.087666278927144248e+01
1.115443839381529756e+01
1.108333187062135394e+01
1.132754792418367984e+01
1.116064602526030569e+01
1.121536516067427769e+01
1.122079971643263363e+01
1.135038497897793164e+01
1.132555640000213515e+01
1.153060319195767214e+01
1.152840876855825236e+01
1.161236846270570311e+01
1.172037574003287297e+01
1.168552458626185953e+01
1.193196620212619052e+01
1.199201129925459064e+01
1.196995310478072483e+01
1.206299199168422298e+01
1.141023233945204218e+01
1.153312213598833225e+01
1.167395518408951105e+01
1.187868362876341877e+01
1.191844754131055240e+01
1.192408878036068565e+01
1.194843087998150466e+01
1.201413990862285175e+01
1.206608909020974707e+01
1.180039054995789805e+01
1.191767671644841897e+01
1.168517079644818324e+01
1.182051233176770033e+01
1.204576658837145864e+01
1.211878074385988313e+01
1.221391527794276222e+01
1.246489967653359443e+01
1.235328358661504922e+01
1.246033142142994699e+01
1.250665333455094519e+01
1.262175968986320385e+01
1.238776001917963221e+01
1.252098070649524786e+01
1.257131459483402125e+01
1.250424014095654535e+01
1.259231615532857873e+01
1.285329463381056314e+01
1.275378175079930543e+01
1.280851300116460401e+01
1.259914410790887196e+01
1.242214833216362635e+01
1.269667580713157662e+01
1.253106794305402794e+01
1.263366503344865421e+01
1.267053064265920703e+01
1.269334763334707183e+01
1.285673218695298026e+01
1.292666196701144976e+01
1.292204643787847473e+01
1.299061966055013784e+01
1.290004531245437391e+01
1.284686666601778349e+01
1.267702659334142012e+01
1.296812121877612789e+01
1.293953797045368681e+01
1.292380999395523133e+01
1.306373692336925174e+01
1.313069608370928876e+01
1.303435085609647892e+01
1.309553130073692806e+01
1.310152065705618973e+01
1.318183920851251045e+01
1.330049958911371633e+01
1.345578402828414966e+01
1.341544250384192516e+01
1.352065283982526367e+01
1.356332489481589576e+01
1.367591416584298436e+01
1.395233223004099088e+01
1.333950477844295079e+01
1.322205003150680191e+01
1.269980668188609840e+01
1.298975856387404626e+01
1.277930231982922749e+01
1.277620329457682224e+01
1.301604392405372757e+01
1.320010287964652385e+01
1.303455678479796553e+01
1.289120880890524212e+01
1.277287818147950382e+01
1.271427650537466469e+01
1.289540784753927838e+01
1.258911122032720442e+01
1.266033811335299930e+01
1.289419459098328424e+01
1.315997772212085870e+01
1.312646843451575762e+01
1.318562204861090947e+01
1.336560608256053406e+01
1.301133849945427556e+01
1.329824751519009673e+01
1.313056279831730855e+01
1.337339664512644433e+01
1.346731739584072862e+01
1.363706867590795824e+01
1.394338805461950948e+01
1.396362325045586772e+01
1.384875835334161387e+01
1.375896665726813595e+01
1.374593484843404667e+01
1.354487232120246887e+01
1.357229480802112498e+01
1.352443199263783136e+01
1.355949963020847626e+01
1.355440440779888078e+01
1.329451757184782501e+01
1.330902445557908642e+01
1.288789324297681205e+01
1.309532847818885770e+01
1.289051889615225477e+01
1.297523707450456065e+01
1.321505049428466982e+01
1.379084861718667021e+01
1.411926812297100930e+01
1.419364483684290335e+01
1.405336349878062663e+01
1.387720938799621706e+01
1.414185594331228657e+01
1.403334966525058114e+01
1.424140419872935581e+01
1.436564924595512771e+01
1.434046314522904630e+01
1.422449440440110635e+01
1.435753516632554572e+01
1.429299464942969067e+01
1.435199924997663423e+01
1.448560724820815082e+01
1.452055849190639947e+01
1.466688622728046276e+01
1.468949352739571701e+01
1.490225661736436003e+01
1.493006403638768909e+01
1.497024540180203012e+01
1.515707709219911337e+01
1.520310971626065211e+01
1.524731649790733989e+01
1.497086845141677891e+01
1.499024955616774157e+01
1.495200932808772620e+01
1.505382498216459020e+01
1.516663516155618119e+01
1.518533696399850008e+01
1.529417077691904403e+01
1.532653736320382087e+01
1.521345364483826401e+01
1.520113281120112880e+01
1.514590604173163868e+01
1.523944804076447923e+01
1.529751981232163160e+01
1.533124470014026919e+01
1.537863723638479208e+01
1.550839214372002672e+01
1.529082545104261115e+01
1.541773394994271484e+01
1.531638717536059779e+01
1.563017701313867569e+01
1.583745108379105027e+01
1.575674058225397545e+01
1.571132392346684092e+01
1.575126664572418456e+01
1.580888307640800683e+01
1.570938928878889662e+01
1.598835778785470296e+01
1.625230958023825423e+01
1.627684017862380372e+01
1.611391043112157107e+01
1.616203511610961741e+01
1.611043777092610085e+01
1.554334556650857202e+01
1.583435371640106659e+01
1.555014219500816708e+01
1.589347136127679683e+01
1.615843075875905299e+01
1.597048210605786878e+01
1.617894298609657611e+01
1.621680668559426053e+01
1.637158318626394760e+01
1.635356574514748118e+01
1.634276388708149241e+01
1.653517649814170554e+01
1.666972608016149948e+01
1.665097587194589224e+01
1.656188424415302762e+01
1.654460108435671728e+01
1.652614135821911034e+01
1.619584778466666108e+01
1.617617357164337832e+01
1.643295823514096554e+01
1.589021610827916220e+01
1.595846554058962674e+01
1.634580965554143006e+01
1.608905754597409299e+01
1.567251612561473983e+01
1.536153416420751050e+01
1.570456165285525074e+01
1.530296428184411184e+01
1.581014760248634943e+01
1.575987957021381547e+01
1.609226498904960678e+01
1.598984164901742488e+01
1.616670190127019069e+01
1.625945081869608799e+01
1.634072725011726490e+01
1.587146974467557214e+01
1.594590744155618900e+01
1.622543385648138425e+01
1.608032208731708224e+01
1.593098676459119822e+01
1.596315585742671850e+01
1.633036189291428997e+01
1.629070570348146418e+01
1.617199568650280028e+01
1.637580595726595334e+01
1.668481536548471666e+01
1.695803372682253496e+01
1.692923732494347888e+01
1.690231688277032873e+01
1.703465149246081367e+01
1.709789458132927820e+01
1.704429796254970597e+01
1.715815157762314058e+01
1.701085600973455314e+01
1.726796165281475481e+01
1.731849407403539942e+01
1.713105342711557100e+01
1.702698503687123477e+01
1.724417482883306363e+01
1.702223921544066343e+01
1.722385150679053467e+01
1.732050986121664948e+01
1.721526769626780506e+01
1.710019175888329457e+01
1.718116836233482658e+01
1.703137262178485400e+01
1.703819511499050776e+01
1.676750606709972047e+01
1.679771670474181278e+01
1.692876004192493511e+01
1.710725438808909260e+01
1.669771812412706069e+01
1.668621486999747106e+01
1.625848395602708507e+01
1.645211516861773404e+01
1.677003199989722759e+01
1.665449557050705209e+01
1.655250973445469498e+01
1.659377643144302183e+01
1.693623917996035999e+01
1.685505886631929684e+01
1.710644022846398116e+01
1.710226808014024513e+01
1.714056577562578099e+01
1.712462386975828466e+01
1.718503342826114277e+01
1.711737065305075234e+01
1.714708148293376055e+01
1.699540801388689104e+01
1.729696754189806640e+01
1.740931485276711044e+01
1.737847362636529880e+01
1.741302665253410353e+01
1.762376288644504996e+01
1.763674377163566831e+01
1.778680634888025835e+01
1.767816040058739091e+01
1.757206034206253165e+01
1.771264255199880111e+01
1.750047594751293190e+01
1.763544048346739856e+01
1.773171039996153198e+01
1.771444152588036758e+01
1.784415922571776747e+01
1.788254873227716146e+01
1.803794646401805224e+01
1.807484797029500001e+01
1.807409473840898784e+01
1.805893022161526673e+01
1.823350593436947875e+01
1.822444573125500611e+01
1.823930229031409311e+01
1.811931252449987539e+01
1.815727984800438932e+01
