1.000000000000000000e+00
9.999999999999998890e-01
9.720745030562277789e-01
9.819297361087953036e-01
9.944012981028741427e-01
9.871414474593823707e-01
1.023490135690664493e+00
1.033681426295550709e+00
1.033048340407944243e+00
1.019460646119817904e+00
1.018530627928522447e+00
1.004599671611192013e+00
9.906220370264559039e-01
9.733056938769693023e-01
9.745049145953118552e-01
9.798194374475930335e-01
9.455037200215609117e-01
9.477071679373322288e-01
9.301446789232189483e-01
9.336002615409251248e-01
9.497911088605597296e-01
9.214477520580588443e-01
9.190836088545708549e-01
9.061552574740380228e-01
9.123716134572517067e-01
9.041564149422639529e-01
9.021075814302543794e-01
8.899975352222235792e-01
9.088108022061263114e-01
9.342650710407132131e-01
9.417147840441310036e-01
9.631873931524561616e-01
9.705068147454618543e-01
9.526963283446295838e-01
9.594775763104059774e-01
9.988450152146837180e-01
1.008516897025049541e+00
1.033085602808035741e+00
1.035381781343210683e+00
1.047812535205617346e+00
1.044072544738601005e+00
1.024869214118555361e+00
9.988244001511753511e-01
1.019197489398624201e+00
1.036535230210832603e+00
1.066497512345460086e+00
1.063163147119862595e+00
1.052440354804553779e+00
1.041330840967227500e+00
1.040706325887194028e+00
1.067462609399152162e+00
1.081656606564427303e+00
