1.000000000000000000e+00
9.999999999999997780e-01
1.015662101804723161e+00
1.001530129551196691e+00
1.010450524652368731e+00
1.013837556596665301e+00
1.008550568153855798e+00
9.851324409386366110e-01
9.844736549768662304e-01
9.704726413742692515e-01
8.673917060173061966e-01
9.171113687155033611e-01
9.094089979205214336e-01
8.640741498584851854e-01
8.931401926526860713e-01
8.697710513471991201e-01
8.610057376997798384e-01
8.750745774863923909e-01
8.754339341998680357e-01
9.080476699478275959e-01
8.958860770555130415e-01
8.886075904842963835e-01
8.983918921131914814e-01
8.444059105271284338e-01
8.411210749713698975e-01
8.066099911591452232e-01
8.172733612421626548e-01
8.411725579768504213e-01
8.599191128426754149e-01
8.561738666082867599e-01
8.679440761254679781e-01
8.678464822255522737e-01
8.426845852017608163e-01
8.585978963442130185e-01
8.419459863282218182e-01
8.299427063840243424e-01
8.339442196756809977e-01
8.250562178955369586e-01
8.363422418563262184e-01
8.548712608349181563e-01
8.777323465993680518e-01
8.756943234799017262e-01
8.881844723249374685e-01
8.875167916861094186e-01
8.776513280700546371e-01
8.789498825396953041e-01
8.734535317069582749e-01
8.585097406970341183e-01
8.561362836560383327e-01
8.494080148596541147e-01
8.511900386459358980e-01
8.631615107163201905e-01
8.525307707715497063e-01
8.538040729236890947e-01
8.596733564351430879e-01
8.632096133900372115e-01
8.631595832791535416e-01
8.599158294150792692e-01
8.634345482022101059e-01
8.634345482022098839e-01
8.756138322490952808e-01
8.790185825624832194e-01
8.798029665252357079e-01
8.647699019052246250e-01
8.701645413005594243e-01
8.546928319353538361e-01
8.478840412175950858e-01
8.198939732742351882e-01
7.997593030912442114e-01
7.956739222364056507e-01
8.045126316465991412e-01
7.628168108090468413e-01
7.545700847185852211e-01
7.687991416659792909e-01
7.690105451604960507e-01
7.985237563052651755e-01
7.793802892110418545e-01
7.793077445578309170e-01
7.736405620267743366e-01
7.786446553526046310e-01
8.033186029061495370e-01
8.272962163993911044e-01
8.262623587236483935e-01
8.381419337754993926e-01
8.290157186207466333e-01
8.571547087932521736e-01
8.598001630841543008e-01
8.585412182026181949e-01
8.972586967485650655e-01
8.874214276394357670e-01
8.792437212465539220e-01
8.795446271821349971e-01
8.830385639147753096e-01
8.782420363122440676e-01
8.702596468068943825e-01
8.725367735556718296e-01
8.915205369934581237e-01
8.821407110455848910e-01
8.940028267622177616e-01
8.959864626704376889e-01
8.933405423292459790e-01
8.867581165434126333e-01
8.816462682861786471e-01
8.926277863909027888e-01
8.980611245671166198e-01
8.992401369678679757e-01
8.983554890558697048e-01
8.984719830868450607e-01
8.984715854077135466e-01
8.984713092420990588e-01
9.248908967600755204e-01
9.350002808890081063e-01
9.300502329254571876e-01
9.371876884536592955e-01
9.444539666685286550e-01
9.501431313074062412e-01
9.503481744021325950e-01
9.434966306596547225e-01
9.311671572781726747e-01
9.268585094697153748e-01
9.231973797125605508e-01
9.070060405922273361e-01
9.143516827540287828e-01
9.141725990615141573e-01
8.959234931591181228e-01
8.802054053312641235e-01
8.740485148399619320e-01
8.735865735795386167e-01
8.919547050420278955e-01
8.964692852341592522e-01
9.062716509031095713e-01
8.995358360292818878e-01
9.113451459102017704e-01
9.086488679199750118e-01
9.201333591763138919e-01
9.317930347269529623e-01
9.243133921475318315e-01
9.167970923362401825e-01
9.134928817168169735e-01
9.242761148154527984e-01
9.216366370123298957e-01
8.891241696574104791e-01
8.919231290494514797e-01
8.825801156557436800e-01
8.963781309656411178e-01
9.090737793299618064e-01
9.086476340348965675e-01
9.085959814699198223e-01
8.989751750867485125e-01
9.080565137244362983e-01
9.152549788918497020e-01
8.626784761127371803e-01
8.644968866497801940e-01
8.362347389866610081e-01
8.378350291435789909e-01
8.170628942586897203e-01
8.309381202731036531e-01
7.968367677816902139e-01
7.750737396850294614e-01
7.565564338235886144e-01
8.095366661975097466e-01
8.063841849682015228e-01
8.065479219172740910e-01
7.942057562197705201e-01
7.868596619567065353e-01
8.126852280817019603e-01
8.222732683425766353e-01
8.109182282046289991e-01
8.008338852060766788e-01
8.167288303488007273e-01
8.238110900058572827e-01
8.212838282796951495e-01
8.243590092731620800e-01
8.122794019834305157e-01
7.953853574046041430e-01
7.927280285634511481e-01
8.004778075074681087e-01
8.089625126665161980e-01
7.900071796737829777e-01
7.788732549035922714e-01
7.838430572742652869e-01
7.743714999900234153e-01
7.585316057266269230e-01
7.662539186344494713e-01
7.588317724674914500e-01
7.539419295161614576e-01
7.655033317016284311e-01
7.656021849673547708e-01
7.863035822641167849e-01
7.867081523230677886e-01
7.830090609480915287e-01
7.849744395653859286e-01
7.861657784878917088e-01
7.804026213479464680e-01
7.924916736858860222e-01
7.995021140990429265e-01
7.868538983748242233e-01
7.801523433070083335e-01
7.841803389773733812e-01
7.886246559304871395e-01
7.920208776760664371e-01
7.660841167990362077e-01
7.576385299375864024e-01
7.627080369543542959e-01
7.714304511985142776e-01
7.610221148129436841e-01
7.802542834239872827e-01
7.871308027212818859e-01
7.950647852323987630e-01
7.844264871352710777e-01
7.834311783646638050e-01
7.866401558004773031e-01
7.854255148719905266e-01
7.858981905411566160e-01
7.827623482668805144e-01
7.937448290813101659e-01
8.026916244737533068e-01
8.030719500325753657e-01
8.010990892318980983e-01
7.957025511180332300e-01
7.843457088939419508e-01
7.934772299885713975e-01
8.230442536931946718e-01
8.145449070977587303e-01
8.327237584650785118e-01
8.481547873939789817e-01
8.574659174490837366e-01
8.567279706481851775e-01
8.673608953962214096e-01
8.763644194043374025e-01
8.798066231646760604e-01
8.934455453837226724e-01
8.786296263977849685e-01
8.894404190729111592e-01
8.856150119933053899e-01
8.980588870644924393e-01
8.869724816625351727e-01
8.913633460853425117e-01
9.019759268353105819e-01
9.055548739345191667e-01
9.054804745745342887e-01
9.042220215906294767e-01
9.043798844958027550e-01
8.999376082268942811e-01
8.925473612684159397e-01
9.038334670953741545e-01
9.068549102282013052e-01
9.182039449358463390e-01
9.183368531963038706e-01
9.274683182765179890e-01
9.231859679023426413e-01
9.261984287710960384e-01
9.262977170596523591e-01
9.351605293395286456e-01
9.365861875267483816e-01
9.385834868202369563e-01
9.366525136238339488e-01
9.370643861645449046e-01
9.294894776912604462e-01
9.250666492505783545e-01
9.251925138727626896e-01
9.295073087287178959e-01
9.399214358208387576e-01
9.557447593094900995e-01
9.556920890892882658e-01
9.678735517420662404e-01
9.612567728029685066e-01
9.671416069293792273e-01
9.789453331943678283e-01
9.790885884688863561e-01
9.781476042377275082e-01
9.829747370197345901e-01
9.787420125337078503e-01
9.907361375497432121e-01
9.979433388142555650e-01
1.004196829451518447e+00
1.009162547272073773e+00
9.758592088298708722e-01
9.918215068215938679e-01
9.824375452300763145e-01
9.732236864151261324e-01
9.790991943365036088e-01
9.840042303394324064e-01
9.926342186250937116e-01
9.890976082958597981e-01
9.946509496532313088e-01
9.956395513118041496e-01
9.933703007535625851e-01
9.841999674100955220e-01
9.880717437975907735e-01
9.964146369479081056e-01
9.823982561802444557e-01
9.816225181013055190e-01
9.905885937405025654e-01
9.943752722060353877e-01
1.006571563267735669e+00
1.006716990138158740e+00
1.006871910780615664e+00
1.002700400932186708e+00
1.009905591889037169e+00
1.020255440125537261e+00
1.027625902831489135e+00
1.038902346910818064e+00
1.036077200479561089e+00
1.039097767402418881e+00
1.038212428224108086e+00
1.040487527628234821e+00
1.047419593338692279e+00
1.055462239335296371e+00
1.053140961247046148e+00
1.053256279994142730e+00
1.053338068601956223e+00
1.053332517482694852e+00
1.040165375091179456e+00
1.039102668360804449e+00
1.041279955302781168e+00
1.028834261118996229e+00
1.014331551760997874e+00
1.011984586268698250e+00
1.015741659600132296e+00
9.952063690104173688e-01
1.001100776882176024e+00
9.988854436334969611e-01
9.993231346984231545e-01
9.880531536183753127e-01
9.983742274661605576e-01
1.015812256146122694e+00
1.009450976832684255e+00
1.010123450958302138e+00
1.012440461364315869e+00
1.017330348101675108e+00
1.029891133512634172e+00
1.022097215738968501e+00
1.024841237617191148e+00
1.023546263852422866e+00
1.031424099623443391e+00
1.033625672221246017e+00
1.039056234209057683e+00
1.047189945730536031e+00
1.046598945844251505e+00
1.043238404609103220e+00
1.019751046994305188e+00
1.014700121625451867e+00
1.011050858519543905e+00
9.984026207423668531e-01
1.000551450757160454e+00
1.001638021591162442e+00
1.007829258103915882e+00
9.941422601767875289e-01
9.880509416622548224e-01
9.820166258623199695e-01
9.828848328728406747e-01
9.692344922298872234e-01
9.664847085958202522e-01
9.623464862829779198e-01
9.622426483827354327e-01
9.681039096314044690e-01
9.653194221383720741e-01
9.624682436468504632e-01
9.675918462715056290e-01
9.628448808732074093e-01
9.628961250631474789e-01
9.579217587656412292e-01
9.847868277293106987e-01
9.665699216110421599e-01
9.830696565304237744e-01
9.762588411412785883e-01
9.784801568049606990e-01
9.745277103979536060e-01
9.842919261019599242e-01
9.923032479031332898e-01
1.006287298801750607e+00
1.012867376458113311e+00
1.026165045792723829e+00
1.028080585357042498e+00
1.026844948455232887e+00
1.025030712007313216e+00
1.025085682355234118e+00
1.028999363187736327e+00
1.035908356956050103e+00
1.032508557097834290e+00
1.036657013554623585e+00
1.021361654905585059e+00
1.007298316605926836e+00
1.014590012374290362e+00
1.009071881723773378e+00
1.010694270643762493e+00
1.032350926472276331e+00
1.036367493875635759e+00
1.040135070177217180e+00
1.032778233013861291e+00
1.040495143719187610e+00
1.044870111174668104e+00
1.058354873764480564e+00
1.064359869714176732e+00
1.068358584220582719e+00
1.073760854028164013e+00
1.077938368487087795e+00
1.081021983657366459e+00
1.087781482177583081e+00
1.091382382605416534e+00
1.082265494590740840e+00
1.085328021346248617e+00
1.098980034219349200e+00
1.093283529090072870e+00
1.087866349998245274e+00
1.079849669121035971e+00
1.085237081573530826e+00
1.090517160660741558e+00
1.081484454837973619e+00
1.075635378468078329e+00
1.039917379048014734e+00
1.059291879437868511e+00
1.084993598945109827e+00
1.088462570664900708e+00
1.106389363614651566e+00
1.105423306441460918e+00
1.107633633552788099e+00
1.103554417411297672e+00
1.105039583437206652e+00
1.093408147006175390e+00
1.097183956742271649e+00
1.110887951741159840e+00
1.110947858690346068e+00
1.113167906299340704e+00
1.124320997259826482e+00
1.132919498867854369e+00
1.138674808118337767e+00
1.144070367812208833e+00
1.146533944258922411e+00
1.150243428551135150e+00
1.150732504592644201e+00
1.138191355906505997e+00
1.135424260049441969e+00
1.131278390442847392e+00
1.138531161567805094e+00
1.148823485301476044e+00
1.156838426080958326e+00
1.168270662697936224e+00
1.169682564645364353e+00
1.176981694531882283e+00
1.175691685620589455e+00
1.176737782547513378e+00
1.161529143434596012e+00
1.166196497436691626e+00
1.177565755213378251e+00
1.155716405954543280e+00
1.145542376730084966e+00
1.145682020395829559e+00
1.136886995765190367e+00
1.127059016444570849e+00
1.112909998369872477e+00
1.122233587612334382e+00
1.149547311277886896e+00
1.154373831139160700e+00
1.154944101227265429e+00
1.139869268633207922e+00
1.154609566570080403e+00
1.172300068637353920e+00
1.168092766742833133e+00
1.172881886004921492e+00
1.188311075844730169e+00
1.188341043287721277e+00
1.185794699246386585e+00
1.170164775777219557e+00
1.169330794947587071e+00
1.170026123858185052e+00
1.146075395200619518e+00
1.132328964433231278e+00
1.126517015711010483e+00
1.125177831002915241e+00
1.091896421303030440e+00
1.091385260670450608e+00
1.093968307417612307e+00
1.067187647728096378e+00
1.084558672709259763e+00
1.109237109959009038e+00
1.111078554082485015e+00
1.129904763987584326e+00
1.137409600822606004e+00
1.154522925502954767e+00
1.141137808074358162e+00
1.147402679832538519e+00
1.135577041329622228e+00
1.119995245346226298e+00
1.135422819907283776e+00
1.135750047979349198e+00
1.129317937417778195e+00
1.134919525454735734e+00
1.146886468717967400e+00
1.155258452193782315e+00
1.155234102343878577e+00
1.162944043301829655e+00
1.173750950459343079e+00
1.168407600338801755e+00
1.164447835412642185e+00
1.166932670110248038e+00
1.160835052076745200e+00
1.179999137750195937e+00
1.180095099037061113e+00
1.186284560491272844e+00
1.208480787945519275e+00
