1.000000000000000000e+00
9.999999999999997780e-01
1.015662101804722939e+00
1.001530129551196691e+00
1.010450524652368731e+00
1.013837556596665301e+00
1.008550568153855576e+00
9.851324409386365000e-01
9.844736549768661193e-01
9.704726413742691404e-01
8.673917060173060856e-01
9.171113687155031391e-01
9.094089979205213226e-01
8.640741498584850744e-01
8.931401926526861823e-01
8.697710513471992311e-01
8.610057376997800604e-01
8.750745774863926130e-01
8.754339341998682578e-01
9.080476699478278180e-01
8.958860770555131525e-01
8.886075904842966056e-01
8.983918921131917035e-01
8.444059105271285448e-01
8.411210749713700086e-01
8.066099911591453342e-01
8.172733612421628768e-01
8.411725579768506433e-01
8.599191128426756370e-01
8.561738666082869820e-01
8.679440761254683112e-01
8.678464822255526068e-01
8.426845852017611493e-01
8.585978963442134626e-01
8.419459863282220402e-01
8.299427063840248975e-01
8.339442196756817749e-01
8.250562178955378467e-01
8.363422418563272176e-01
8.548712608349191555e-01
8.777323465993692730e-01
8.756943234799029474e-01
8.881844723249386897e-01
8.875167916861107509e-01
8.776513280700559694e-01
8.789498825396966364e-01
8.734535317069597182e-01
8.585097406970355616e-01
8.561362836560398870e-01
8.494080148596558910e-01
8.511900386459376744e-01
8.631615107163221889e-01
8.525307707715514827e-01
8.538040729236908710e-01
8.596733564351449752e-01
8.632096133900393209e-01
8.631595832791558731e-01
8.599158294150816007e-01
8.634345482022126594e-01
8.634345482022124374e-01
8.776788782830449165e-01
8.863477285085483715e-01
8.867874861304548828e-01
8.680233121665268392e-01
8.789028849952167377e-01
8.664154364153353605e-01
8.608092750481490807e-01
8.269158085716984408e-01
8.120761944183619852e-01
8.189596306154707239e-01
8.333177619255404123e-01
8.053775984533402266e-01
7.936711845268892285e-01
8.085089748890609274e-01
8.085089748890612604e-01
8.380634743021169175e-01
8.215047478803176872e-01
8.310985871229682465e-01
8.200193928719488046e-01
8.181727999302451648e-01
8.401830959185521142e-01
8.747187185699238920e-01
8.654751554619078968e-01
8.769737688770798956e-01
8.638580175691202845e-01
8.859437323626769833e-01
8.893870878907893518e-01
5.056874685600551977e-01
5.369980696729192982e-01
5.249270833904584599e-01
5.200979965710633701e-01
5.201967292447787772e-01
5.221249133308814017e-01
5.192775175923225461e-01
5.142443766255213600e-01
5.155796443033041632e-01
5.261780719881018475e-01
5.200798439147806818e-01
5.266436493853330347e-01
5.278737992326657524e-01
5.256576147853565528e-01
5.208792595653183310e-01
5.159786916537729695e-01
5.221626650040646078e-01
5.249827127800337223e-01
5.252069932657538187e-01
5.250243422794553805e-01
5.250243422794553805e-01
5.250243422794558246e-01
5.250243422794560466e-01
5.404333318478901083e-01
5.473232541832685483e-01
5.405169089884703792e-01
5.428793221988572615e-01
5.425458827343776491e-01
5.481274667725467564e-01
5.481274667725470895e-01
5.451804306284162571e-01
5.267963419885803855e-01
5.280345335788326766e-01
5.240096444376803886e-01
5.145604921742185089e-01
5.111337219663117937e-01
5.008428880123122484e-01
4.828187392405201561e-01
4.662400765592026874e-01
4.519661775926084868e-01
4.579821489836108928e-01
4.881178068266200931e-01
4.961588160608308429e-01
4.889843708850983295e-01
4.786969024349325696e-01
4.866385716210489543e-01
4.772906286293302491e-01
4.825156515380809585e-01
4.913164479384322658e-01
4.931501321204269095e-01
4.878657148258475074e-01
4.870749714446503953e-01
4.956894090839759071e-01
4.786081981530268536e-01
4.501384725706509271e-01
4.552024434468213143e-01
4.486065730952463193e-01
4.606412985729458343e-01
4.643598516022556799e-01
4.845485464523242025e-01
4.836016873885696787e-01
4.778170661484332227e-01
4.798193519050241163e-01
4.904410943993297578e-01
4.615712413821306814e-01
4.628361414173290944e-01
4.386322776452336036e-01
4.257769074768525952e-01
4.055091482902939415e-01
4.144406657497185509e-01
4.005183976493369435e-01
3.985387822803186930e-01
3.757075993245654888e-01
3.974376509991540130e-01
3.808106899434099413e-01
3.808106899434099413e-01
3.625093821443538533e-01
3.606017660822742887e-01
3.711874556483011900e-01
3.795228728932882323e-01
3.814133524358927496e-01
3.714426540256940967e-01
3.851686457331809366e-01
3.891551688754892324e-01
3.891350279555054192e-01
3.888138614240924107e-01
3.800634870773065832e-01
3.650648361320489310e-01
3.580661589799991606e-01
3.679007429495723125e-01
3.723404403323261058e-01
3.626520179703189850e-01
3.589409214944074278e-01
3.619280240782185576e-01
3.533407218480457690e-01
3.437301345023008881e-01
3.478276285092105624e-01
3.446898658955970252e-01
3.397047309232947288e-01
3.443777023253958292e-01
3.449420013022183040e-01
3.590313151115045454e-01
3.632485844954513321e-01
3.608082005685249727e-01
3.579541014166758295e-01
3.609966725016019451e-01
3.607859006607712082e-01
3.649757615295095570e-01
3.660799975262632455e-01
3.595877247809156074e-01
3.529146267607324861e-01
3.515606727436633716e-01
3.536977180504723983e-01
3.592588013234770394e-01
3.449986083915104751e-01
3.373660909403426444e-01
3.408286557825269680e-01
3.461897672328332343e-01
3.440124065772041106e-01
3.489517656302602577e-01
3.506652848790945409e-01
3.530966275568838131e-01
3.460112864241366992e-01
3.604998108794126299e-01
3.617982195297256842e-01
3.606784200023468445e-01
3.536256758013315293e-01
3.533020724024190096e-01
3.573637729822927156e-01
3.605718558885331881e-01
3.575870519181209573e-01
3.534806840730065347e-01
3.551313090698320352e-01
3.484848508501025011e-01
3.504791112945579434e-01
3.607643062482108753e-01
3.537557957263681718e-01
3.561600995117700230e-01
3.635965708291011844e-01
3.632161639064462877e-01
3.686867309261000480e-01
3.753148042818523766e-01
3.826388867297184637e-01
3.846979523205263374e-01
3.962638487899575734e-01
3.948340705069697254e-01
3.972075610906179444e-01
3.983116203570260527e-01
4.066419361198445603e-01
3.993958080633718821e-01
4.033124038607984740e-01
4.092982283781012032e-01
4.110683284446288166e-01
4.097460450867941306e-01
4.087817202182284504e-01
4.087817202182283949e-01
4.101945032195470908e-01
4.086693685568029144e-01
4.087413379530021595e-01
4.097331091984824369e-01
4.116471458169492781e-01
4.116471458169493891e-01
4.114041528183417507e-01
4.048581699727473726e-01
3.978344512734752203e-01
3.954931279598141169e-01
3.990406368829989558e-01
4.031402874600004127e-01
4.116723408872705048e-01
4.118602817215701872e-01
4.138910671731434454e-01
4.081098800191628739e-01
4.079792563677940853e-01
4.079792563677943629e-01
4.037608188368225770e-01
4.061528057212066001e-01
4.103478198296783286e-01
4.107433623448393800e-01
4.237228403949973021e-01
4.205359038029550800e-01
4.218046919454898069e-01
4.275869382553612041e-01
4.297510416562101976e-01
4.256568002399176986e-01
4.268360429783351062e-01
4.266348894779579126e-01
4.266581433496738907e-01
4.295275608697572967e-01
4.314683595828273655e-01
4.323875402962346626e-01
4.220176548850507747e-01
4.372753868052211557e-01
4.352955564064742155e-01
4.395582278795865938e-01
4.470393207319410256e-01
4.546091855162894269e-01
4.557816404846926073e-01
4.559374012338425208e-01
4.548291743559438882e-01
4.590153755070068842e-01
4.598399781336683367e-01
4.529417798615579804e-01
4.524406741955446787e-01
4.616009464024820597e-01
4.574935259463273618e-01
4.521413310018033149e-01
4.590556672094482926e-01
4.590703904180528649e-01
4.633229202803437197e-01
4.623143240955012723e-01
4.605079377385355444e-01
4.674413822076113889e-01
4.727441285215139843e-01
4.678740322980605160e-01
4.726912894965306644e-01
4.724248570966351202e-01
4.716392512965113526e-01
4.736971452169624341e-01
4.714707108674227043e-01
4.682658749975894819e-01
4.674159147797090630e-01
4.622633506902792955e-01
4.582339824923110649e-01
4.582339824923114535e-01
4.582339824923113425e-01
4.582339824923115645e-01
4.485910342472976819e-01
4.389218931840521143e-01
4.395883301540010057e-01
4.316958598384963430e-01
4.234071771285617403e-01
4.267789776514743227e-01
4.282726933738722486e-01
4.177642447256457170e-01
4.247278774384982136e-01
4.206749283663346883e-01
4.168672063176668829e-01
4.110643262642352247e-01
4.183625445879730620e-01
4.217135440944900227e-01
4.160402634130446753e-01
4.215461989297869527e-01
4.219792611822750783e-01
4.229035083775394277e-01
4.301291071807806232e-01
4.187827365462651885e-01
4.190381842650456323e-01
4.177477525787826607e-01
4.202861017175065772e-01
4.209535748125010635e-01
4.214613159451087721e-01
4.243103896885657700e-01
4.320086057938678503e-01
4.276788353363564221e-01
4.219562200057683232e-01
4.156928966485258226e-01
4.199511782120730619e-01
4.124823654052284794e-01
4.147308747322303590e-01
4.183636135354655283e-01
4.155836543858511534e-01
4.173870950354052201e-01
4.170218171776526872e-01
4.145790482581782066e-01
4.165836845861556337e-01
4.109332559606812540e-01
4.012527754538619540e-01
3.981621825819326999e-01
4.016305343782535786e-01
4.019571739470561567e-01
3.991228809496353280e-01
3.978019001065505877e-01
3.947677419971297175e-01
3.981503878760497828e-01
3.981503878760498938e-01
3.959909929595946676e-01
4.035221383541418572e-01
3.984680484367660314e-01
4.076974027634721609e-01
4.012317085572366659e-01
4.116720092143128507e-01
4.057577248830838701e-01
4.084359091271516640e-01
4.061858221599141672e-01
4.146543261077956233e-01
4.137777156183410909e-01
4.145074023968280397e-01
4.181725582123752005e-01
4.174403312650002418e-01
4.120968043665833025e-01
4.120968043665834690e-01
4.121476262539883750e-01
4.199659544124451638e-01
4.190269154228327131e-01
4.156677463620391255e-01
4.146293943434847806e-01
4.051314174145397851e-01
4.050821256835403505e-01
4.064300895586596130e-01
4.086732739798871195e-01
4.128834206183645827e-01
4.124772974187125296e-01
4.073517642334421596e-01
4.038872336259896056e-01
4.074664564964008973e-01
4.076216705033165466e-01
4.174146678093892948e-01
4.183667084812206505e-01
4.175837422720131697e-01
4.241707005654739016e-01
4.241639478935857466e-01
4.245857517110397383e-01
4.289654258930796216e-01
4.260824107359260093e-01
4.223024019207198831e-01
4.223402312599836006e-01
4.280441194486623857e-01
4.277167713729805310e-01
4.226732883562555054e-01
4.193350755376775152e-01
4.205533081296535802e-01
4.209939646594065277e-01
4.182222624805492228e-01
4.236541038771746703e-01
4.075836641087632328e-01
4.141865338773026428e-01
4.183614111115603884e-01
4.219658988175905012e-01
4.212902427829738339e-01
4.212333648078343540e-01
4.258600169625464948e-01
4.191738395870994727e-01
4.226879439408100514e-01
4.197071371191858913e-01
4.208876021422808256e-01
4.279117510124100798e-01
4.279117510124102464e-01
4.275177795957619264e-01
4.267462692118661471e-01
4.289210956137144981e-01
4.295601878540114549e-01
4.258704080672216508e-01
4.261726448146943014e-01
4.261910303009832091e-01
4.222564621462605583e-01
4.176098493411658508e-01
4.155852989119035445e-01
4.136896003993755233e-01
4.161416309655540657e-01
4.179748203377312565e-01
4.190155840706905055e-01
4.249495652887349539e-01
4.185623756055770195e-01
4.167672097813385768e-01
4.145133114584820255e-01
4.248015179991374013e-01
4.148273427349938314e-01
4.212328453625194258e-01
4.260209160245475024e-01
4.195936064148087508e-01
4.176509832086897078e-01
4.126532049624770937e-01
4.117423535544874058e-01
4.124002766102111139e-01
4.064766035640812736e-01
4.134691469530525909e-01
4.191329362612990495e-01
4.173876399311254315e-01
4.219906656026505276e-01
4.178983514252263554e-01
4.266352828556054799e-01
4.417946941830123153e-01
4.361560493371121061e-01
4.327393230168409266e-01
4.367223949145906947e-01
4.367128505838308028e-01
4.315101963312416578e-01
4.324836475842902539e-01
4.406683760524859883e-01
4.361881734527117138e-01
4.284685744396545259e-01
4.249786456672685619e-01
4.166045120451686845e-01
4.162516300501896693e-01
4.048439955158960601e-01
3.991356498857658308e-01
3.931021697373291435e-01
3.863185008025348255e-01
3.848225339235372688e-01
4.040206584242557186e-01
3.995000316334387791e-01
4.070054648884835480e-01
4.058584128345561481e-01
4.074223779623254438e-01
3.996989347067349541e-01
3.982245336947171088e-01
3.980045021505662639e-01
3.906580886936332209e-01
3.942482777513046099e-01
3.942929432189523631e-01
3.893856423863696903e-01
3.885036349733320682e-01
3.893003085173248334e-01
3.933762367157848105e-01
3.929901395751612680e-01
3.954016635142252323e-01
4.022216139408005264e-01
4.005735529804111961e-01
3.936698935996307824e-01
3.938271569023768515e-01
3.987613850869787813e-01
4.018569914496611939e-01
3.970164471292328412e-01
3.980424288983924197e-01
4.070031357291080121e-01
4.018647319566176490e-01
4.018647319566179266e-01
4.118062884447433181e-01
4.151449257574152396e-01
4.150562602644204957e-01
4.086241536746684222e-01
4.031745305057369277e-01
4.031745305057372053e-01
4.049404323624633539e-01
4.000557514984365293e-01
3.928160581870685508e-01
3.928236898022119394e-01
3.950183048896229732e-01
4.008982960415696239e-01
3.974504640505020503e-01
3.996186782309209540e-01
4.001263229496939133e-01
3.999365693561122703e-01
4.018901530070771999e-01
4.018901530070774775e-01
4.069394266308291597e-01
3.975609545164281999e-01
3.939780692043924892e-01
3.893872053893537299e-01
3.886361771926338804e-01
3.948690517301879366e-01
3.882262000466746299e-01
3.854811249822131525e-01
3.759672934902194563e-01
3.783534831081932226e-01
3.847741803310547604e-01
3.859634724333352307e-01
3.802519356470384082e-01
3.420061358524525419e-01
3.537025042391537810e-01
3.655423354985129492e-01
3.675977691596643004e-01
3.673632481854859355e-01
3.551239947420161136e-01
3.577401071125402288e-01
3.584109898138012618e-01
3.618780787965631962e-01
3.631517581145246587e-01
3.654664732727951892e-01
3.700358167828297629e-01
3.738081989531094607e-01
3.729767084707000802e-01
3.793138266785964774e-01
3.680434188275680252e-01
3.716913951918781600e-01
3.732952699149263975e-01
3.729479846549280109e-01
3.710021034041009469e-01
3.745648172921398067e-01
3.719010149451375535e-01
3.679874548326520500e-01
3.726831001057717141e-01
3.738890235375619264e-01
3.753374910720476687e-01
3.796354357603668461e-01
3.737343283148246154e-01
3.899429668430877682e-01
3.899429668430877127e-01
3.916570602650280009e-01
3.827959526194620321e-01
3.775463416935446181e-01
3.674748966649777904e-01
3.628582629662051029e-01
3.591766796341469559e-01
3.673172159300748807e-01
3.677564155014448888e-01
3.682100254562855057e-01
3.726609333423430148e-01
3.624990549914373084e-01
3.618336265717188027e-01
3.672834810655604132e-01
3.630960494530527938e-01
3.688381106149750677e-01
3.578700685984750329e-01
3.651037388545247953e-01
3.584798274945367180e-01
3.547830952193433696e-01
3.606404635946354742e-01
3.534711404213760066e-01
3.502992763111479335e-01
3.468880960622128806e-01
3.447098581252182603e-01
3.426361929271434792e-01
3.234943709953512769e-01
3.433325804408696724e-01
3.431286652521052249e-01
3.518554229282336854e-01
3.579999791235367046e-01
3.521923825135350739e-01
3.442455128547843302e-01
3.551308193933201407e-01
3.549583924959430759e-01
3.477878155589679277e-01
3.449128044879290478e-01
3.507701884147603755e-01
