1.000000000000000000e+00
9.999999999999998890e-01
1.012285494339232317e+00
1.016559873835029437e+00
1.024437991399892667e+00
1.040456260012748047e+00
1.047994181128515168e+00
1.043353227981075548e+00
1.052467908279185904e+00
1.026548242881925699e+00
1.025484434400624201e+00
1.033174327625055788e+00
1.015615182629860946e+00
1.015162194301512111e+00
1.002995152381921828e+00
9.599876661739301653e-01
1.005523245496150686e+00
9.737260482475066370e-01
9.859843123564635547e-01
1.002376051497281928e+00
1.010221240159957956e+00
1.010092081916379891e+00
1.028308695610699486e+00
1.032965634729819504e+00
1.030864435508912047e+00
1.017356353673020353e+00
1.025543650254532979e+00
1.046362490243703647e+00
1.048146351800289588e+00
1.039376888878856819e+00
1.034351886196526182e+00
1.038339419012739295e+00
1.043643184377797128e+00
1.048127415909629878e+00
1.029165919860562495e+00
1.042904980024226713e+00
1.041918644558215812e+00
1.066861776414296470e+00
1.076837190136356925e+00
1.075450107841370295e+00
1.068081747507740431e+00
1.086825159516387584e+00
1.084581712220220151e+00
1.089638391920720650e+00
1.094672455300782499e+00
1.099482453548939809e+00
1.097245005721511957e+00
1.094328733726545932e+00
1.080176040053043351e+00
1.064573293796899911e+00
1.061752364548087746e+00
1.057575428858754440e+00
1.075200615976781515e+00
1.072261335854966191e+00
1.072261335854965969e+00
1.080429697655467036e+00
1.085324715727956635e+00
1.087194688804284715e+00
1.109749651076102905e+00
1.111337066274225904e+00
1.116698491577686525e+00
1.112002290189418208e+00
1.113905861969046729e+00
1.118640642537580332e+00
1.117955415419089160e+00
1.122177568773995882e+00
1.117244112805029221e+00
1.101878164647387637e+00
1.103340471843516468e+00
1.112803998378858017e+00
1.092796667602150107e+00
1.070884225665832634e+00
1.071312567103988034e+00
1.061952235052399773e+00
1.055348194058891353e+00
1.060134012509809542e+00
1.063274476668150781e+00
1.067267085355270595e+00
1.071489170417906589e+00
1.073393197582839464e+00
1.034289162362607151e+00
1.013665276062424070e+00
1.014984438491175700e+00
1.037150272404883555e+00
1.043894167393887074e+00
1.059142674864778755e+00
1.051166980142839380e+00
1.068948807074366014e+00
1.073723627797284808e+00
1.069780598467488408e+00
1.063155080297352173e+00
1.048938723976092779e+00
1.041963448495247357e+00
1.043110927558032808e+00
1.047536839620579752e+00
1.055906754617400578e+00
1.059385931015151217e+00
1.054931812519947387e+00
1.058718879437969607e+00
1.067901736639283783e+00
1.114735111727249262e+00
1.126306509894007490e+00
1.131092035750675961e+00
1.130789599327141515e+00
1.123423708688227052e+00
1.118808740750420361e+00
1.124915800675649002e+00
1.121533571734537160e+00
1.120932127922526389e+00
1.107903747907485359e+00
1.110734572436778311e+00
1.113020088054670786e+00
1.099093042323160407e+00
1.097493997680036859e+00
1.097292326027809573e+00
1.111913645522807359e+00
1.113572449373375184e+00
1.115603971742716416e+00
1.122439362199581403e+00
1.126205680428105094e+00
1.121727518940643931e+00
1.121871429062041958e+00
1.130678338640030534e+00
1.129301951777894830e+00
1.121775044753974049e+00
1.123133458964361564e+00
1.126648128352724765e+00
1.122134261115016463e+00
1.110565804532659406e+00
1.107489841368483940e+00
1.112138776224804504e+00
1.114770631791127675e+00
1.117874956950265730e+00
1.112421398003015538e+00
1.083649254215764079e+00
1.086442606042807624e+00
1.100805952168771196e+00
1.107368690154851398e+00
1.113049610293161518e+00
1.090134170425655302e+00
1.089360399751906794e+00
1.072442740683518858e+00
1.062170419574320457e+00
1.093565996117109362e+00
1.086724992402571033e+00
1.097628861568473502e+00
1.100140774290243595e+00
1.079686600476285285e+00
1.075754091779764776e+00
1.057484621166857153e+00
1.044772050164803678e+00
1.020432527001638556e+00
1.046823901014874325e+00
1.048369947324348628e+00
1.032733957035928851e+00
1.046272715981921619e+00
1.069586513446614928e+00
1.066910163923476595e+00
1.079939491958561426e+00
1.065628274324217140e+00
1.081657178111675499e+00
1.074822854522643922e+00
1.074958553282650664e+00
1.081673325462293667e+00
1.064368802074662002e+00
1.082941135097328589e+00
1.092508784081959838e+00
1.094082593994357033e+00
1.107572330773771929e+00
1.115453872177521566e+00
1.116437289887884265e+00
1.111692803167039667e+00
1.119655096256042981e+00
1.124210122163431747e+00
1.125024974254495991e+00
1.111167155813207241e+00
1.123980932502675056e+00
1.120855043628238512e+00
1.095776342710726770e+00
1.084654055173545517e+00
1.093681858120338468e+00
1.096958539117129483e+00
1.087814239907415770e+00
1.104245620675436301e+00
1.118592218581013986e+00
1.119131323331207239e+00
1.114711617782613295e+00
1.126248671127153766e+00
1.125077355338025997e+00
1.127364256738372150e+00
1.109316833984826500e+00
1.120861443819274106e+00
1.131195738495101466e+00
1.131252618935731036e+00
1.152541883872717499e+00
1.158629528913003082e+00
1.160467971711272916e+00
1.164192934191428330e+00
1.171197383877648823e+00
1.172750523740744732e+00
1.182479063141596898e+00
1.191404829422000988e+00
1.182081697942038545e+00
1.187338112806679558e+00
1.191940736639345744e+00
1.188112990900432209e+00
1.184235087913387163e+00
1.177185675480776572e+00
1.161364774851590953e+00
1.164306840381853059e+00
1.161733846036963058e+00
1.169956606482136063e+00
1.176805257644193858e+00
1.180142255458253020e+00
1.173614118797403627e+00
1.174577946609814072e+00
1.163751392515937289e+00
1.155522623170751828e+00
1.152218971134855607e+00
1.137616271661157974e+00
1.162681398648852893e+00
1.141971780568717953e+00
1.164214333149306890e+00
1.181518193113718196e+00
1.173018119512772017e+00
1.171505729040103638e+00
1.171555584260013383e+00
1.167675413979099686e+00
1.168276374827041941e+00
1.173912176763634685e+00
1.191800274034252816e+00
1.192788741545417475e+00
1.201830119643502837e+00
1.199366666492925892e+00
1.191624785989721991e+00
1.196956636198951651e+00
1.197914812691174058e+00
1.202020225637320028e+00
1.214085921033760451e+00
1.206278616537809656e+00
1.213911398627405491e+00
1.219015391751523625e+00
1.220654060624477566e+00
1.230305171295440703e+00
1.243293543713165361e+00
1.248064239884320026e+00
1.261995210241924514e+00
1.257624915541009303e+00
1.252057225442473332e+00
1.266704365679239386e+00
1.273884950444502673e+00
1.288295644369940485e+00
1.279511017678080842e+00
1.286970859744755780e+00
1.280074700362714868e+00
1.259375157880292972e+00
1.263796157685853627e+00
1.254214087219527762e+00
1.254800671608308660e+00
1.259216083942783282e+00
1.273088613672175740e+00
1.264568747768748169e+00
1.264804787466781155e+00
1.266615618671196541e+00
1.278852501329123426e+00
1.285983184366610299e+00
1.297397771394090960e+00
1.290665538603431584e+00
1.286935848127280790e+00
1.285681415515784964e+00
1.286624145441188416e+00
1.274930222307691707e+00
1.270452377284268630e+00
1.254530402844676873e+00
1.262511104461009559e+00
1.277678035606369944e+00
1.279203855122994726e+00
1.262136131039315767e+00
1.240531219458446577e+00
1.268639934408894998e+00
1.265248127050616178e+00
1.251450788541495829e+00
1.246557985843297356e+00
1.243963095559077692e+00
1.267669143206017202e+00
1.273205714079491013e+00
1.274172209632513875e+00
1.268128705299431891e+00
1.262500752151731964e+00
1.253233827048705784e+00
1.247528811952508532e+00
1.257628092251958707e+00
1.262948296253770808e+00
1.259107849891927478e+00
1.251115280512285599e+00
1.251689724205214960e+00
1.262051218945266395e+00
1.252260098542554267e+00
1.264390064545208858e+00
1.269956099451810205e+00
1.272435873741591505e+00
1.262147353718851006e+00
1.263880692774172365e+00
1.275311667847848662e+00
1.281062588417878789e+00
1.289507936283121881e+00
1.293452689928831889e+00
1.304973295903237629e+00
1.296272051166173389e+00
1.290410950626336151e+00
1.289503204648431822e+00
1.299156334037251392e+00
1.309475887508986913e+00
1.298351903304187260e+00
1.302496252523262177e+00
1.298545140405050535e+00
1.295204449067625774e+00
1.283523095745126463e+00
1.276738428990480623e+00
1.267259316148655168e+00
1.276216341406096078e+00
1.266964975879565358e+00
1.254431309286615726e+00
1.227326186196942226e+00
1.228822166794554693e+00
1.240701417443464738e+00
1.234097340383486285e+00
1.223621407246679560e+00
1.205176982507166317e+00
1.214823199481665839e+00
1.215823714487875407e+00
1.203287030282724546e+00
1.206638036267856817e+00
1.223501774635009420e+00
1.232739420585176493e+00
1.234197672941637069e+00
1.257061998147939619e+00
1.261677731408950898e+00
1.270210617461153157e+00
1.256606240063500746e+00
1.240551079667777223e+00
1.237038860469434232e+00
1.237038926829542085e+00
1.237042362846835220e+00
1.253256953632189363e+00
1.243786249486353634e+00
1.254446373363085510e+00
1.269498859780072708e+00
1.266939254489149569e+00
1.266939224282546572e+00
1.266943808200771127e+00
1.275868477984411387e+00
1.286741748480440650e+00
1.286610035193025636e+00
1.263550236189043829e+00
1.265590208232851177e+00
1.271162864466758968e+00
1.271777561029009407e+00
1.282115254883685163e+00
1.292195868474670384e+00
1.282672700261063170e+00
1.324984240475737707e+00
1.323514240332562819e+00
1.320836490646200234e+00
1.338966444154793933e+00
1.349954780230987028e+00
1.360824161323402670e+00
1.372364499201039312e+00
1.382701711626974639e+00
1.381115573167616795e+00
1.372918704750672125e+00
1.360259438222256145e+00
1.355753318479467673e+00
1.344672310804592819e+00
1.344044589193679862e+00
1.337640177610567749e+00
1.339183848523873399e+00
1.345229386548780770e+00
1.347089583105515631e+00
1.360254212678467134e+00
1.360345639534713102e+00
1.365744893945244343e+00
1.359683312281584788e+00
1.341191627617718263e+00
1.351025208030589120e+00
1.340250835742319957e+00
1.322274727538052863e+00
1.313023328594637773e+00
1.318134456059349535e+00
1.347193329687134344e+00
1.323181961258055317e+00
1.330010255376114614e+00
1.310180302457907731e+00
1.319655847082274569e+00
1.308101117822315418e+00
1.307298281584758692e+00
1.305953816031228509e+00
1.292962969979578380e+00
1.288895686050866463e+00
1.288373609314517720e+00
1.284033720849501403e+00
1.296241096667711812e+00
1.294516462388564104e+00
1.308178959227218607e+00
1.311071666446270489e+00
1.304041514973193427e+00
1.313394512556881777e+00
1.293370550551865117e+00
1.305071168237225576e+00
1.310313092334837615e+00
1.293880502494355600e+00
1.291819999171689437e+00
1.290228262840902973e+00
1.291129143449532446e+00
1.276555622491083009e+00
1.267403892448400127e+00
1.275372008961279668e+00
1.267808871121671288e+00
1.258401771500757826e+00
1.258923706568689571e+00
1.263406652957680398e+00
1.271648576269345465e+00
1.267025022020778380e+00
1.266716453168062806e+00
1.270387147283714047e+00
1.291497319075981309e+00
1.295827032808732904e+00
1.295980763314227069e+00
1.303462529861660224e+00
1.307544110377242941e+00
1.299838155326140887e+00
1.290975112802408287e+00
1.281413499191089045e+00
1.267130069313624707e+00
1.249498818381215903e+00
1.238588141122664688e+00
1.261248494232545925e+00
1.246746481705633958e+00
1.240777595438366854e+00
1.222921481974741376e+00
1.230924916470275576e+00
1.233746673935009586e+00
1.251136167071743799e+00
1.248928274491551749e+00
1.233506318558663217e+00
1.228086268930720593e+00
1.208143119869112381e+00
1.214244099753190476e+00
1.205113465327958933e+00
1.214622922414559936e+00
1.193716488090058148e+00
1.172113219589203670e+00
1.132638682206214664e+00
1.141824333047844364e+00
1.066822587293195568e+00
1.111252853065673785e+00
1.113389200364136578e+00
1.144298346300190117e+00
1.147549246099625497e+00
1.172661001007306414e+00
1.177547631734063405e+00
1.201897719215797355e+00
1.172411830893397289e+00
1.161782634208753384e+00
1.163302759978148027e+00
1.181749318075435484e+00
1.183381069470852198e+00
1.172027178458642238e+00
1.178060923147858707e+00
1.211289068486641751e+00
1.219519892478624357e+00
1.249435089879264993e+00
1.280408716991302764e+00
1.252313205004548680e+00
1.218892226377481736e+00
1.249970308633923777e+00
1.271423870444357673e+00
1.240096484451876924e+00
1.233430395806585311e+00
1.228930602863531840e+00
1.242939050519864974e+00
1.240270701597037784e+00
1.262862222527638023e+00
1.260668752716071150e+00
1.255372867575797580e+00
1.250102192022561898e+00
1.193802360159972098e+00
1.192279305111137111e+00
1.203664979254268408e+00
1.210446931214469002e+00
1.200192193915093464e+00
1.205790968505651595e+00
1.197581682570547645e+00
1.178955693460702614e+00
1.170991742751333442e+00
1.173013167175832372e+00
1.193151653055405381e+00
1.174324013230422681e+00
1.209045927654285535e+00
1.213093839012039377e+00
1.229604923192977095e+00
1.233164831958227126e+00
