1.000000000000000000e+00
9.999999999999997780e-01
1.012285494339232317e+00
1.016559873835029437e+00
1.024437991399892667e+00
1.040456260012748269e+00
1.047994181128515168e+00
1.043353227981075770e+00
1.052467908279185682e+00
1.026548242881925477e+00
1.025484434400624201e+00
1.033174327625056010e+00
1.015615182629860946e+00
1.015162194301512111e+00
1.002995152381921606e+00
9.599876661739300543e-01
1.005523245496150464e+00
9.737260482475063039e-01
9.859843123564631107e-01
1.002376051497281484e+00
1.010221240159957512e+00
1.010092081916379447e+00
1.028308695610699042e+00
1.032965634729819060e+00
1.030864435508911603e+00
1.017356353673019909e+00
1.025543650254532535e+00
1.046362490243703203e+00
1.048146351800288922e+00
1.039376888878856153e+00
1.034351886196525516e+00
1.038339419012738407e+00
1.043643184377796462e+00
1.048127415909629212e+00
1.029165919860561829e+00
1.042904980024226047e+00
1.041918644558214924e+00
1.066861776414295582e+00
1.076837190136356037e+00
1.075450107841369185e+00
1.068081747507739321e+00
1.086825159516386696e+00
1.084581712220219707e+00
1.089638391920720206e+00
1.094672455300781611e+00
1.099482453548938921e+00
1.097245005721510847e+00
1.094328733726544600e+00
1.080176040053042019e+00
1.064573293796898579e+00
1.061752364548086414e+00
1.057575428858752886e+00
1.075200615976779961e+00
1.072261335854964859e+00
1.072261335854964637e+00
1.081348028365450853e+00
1.086247769668501340e+00
1.088117194502679519e+00
1.114922647458650884e+00
1.119225924555540930e+00
1.142296077818041100e+00
1.128371864650526524e+00
1.132106592472374329e+00
1.137205798979721294e+00
1.143799445492858391e+00
1.148575318141653145e+00
1.145226459928702978e+00
1.130831540469146468e+00
1.139914741607865434e+00
1.148063719223573642e+00
1.122141664234998615e+00
1.095241183098899951e+00
1.094970505756869494e+00
1.089963412044190783e+00
1.076269574244847149e+00
1.074489704077673968e+00
1.082330000830060923e+00
1.094795933628736062e+00
1.096361950402727770e+00
1.094045088020596079e+00
1.049515620930639992e+00
1.031641120302712267e+00
1.029415824136324709e+00
1.054963457760623058e+00
1.068475327944463649e+00
1.089287465049397330e+00
1.081146323494719175e+00
1.094015275431087009e+00
1.104078037992216599e+00
1.096028843301638966e+00
1.086231065292865061e+00
1.066095769330220433e+00
1.063572986148218158e+00
1.062304158777017893e+00
1.070530984435431376e+00
1.085793935847044311e+00
1.091570042089984760e+00
1.081712944230999840e+00
1.080321688413171666e+00
1.082838200785812832e+00
1.118777655180826835e+00
1.135415422189408385e+00
1.138074246258557798e+00
1.131058911231872965e+00
1.122687993861589684e+00
1.115135605439402822e+00
1.114970025131022835e+00
1.100921618160979332e+00
1.100897068239155674e+00
1.087725365814050660e+00
1.090096029512287901e+00
1.092146202194906435e+00
1.078645511515917033e+00
1.078441543380722845e+00
1.076768006360783403e+00
1.088176780431708845e+00
1.088413045353176622e+00
1.090528399697760165e+00
1.095356001566088811e+00
1.101588496386795013e+00
1.096095749813231990e+00
1.095665373576947932e+00
1.102810112401882314e+00
1.099242300103175252e+00
1.093398938430605982e+00
1.098161618949238472e+00
1.111008153447812008e+00
1.105870044578391331e+00
1.092419504878438197e+00
1.088425543015900887e+00
1.086909958335465776e+00
1.094723968697492555e+00
1.096719121799800245e+00
1.095576404279221983e+00
1.063814170664962200e+00
1.066781573079972123e+00
1.078969968261524803e+00
1.092778263936088790e+00
1.100287890444914041e+00
1.076673947314636726e+00
1.076372793084473978e+00
1.063068063803962460e+00
1.044596900545446294e+00
1.081500639144005183e+00
1.072445089487629843e+00
1.083081907517721376e+00
1.087321147650083031e+00
1.067333634582436463e+00
1.062994621371582182e+00
1.046147152245687773e+00
1.028715492921327801e+00
1.004990692425167698e+00
1.036922917007380818e+00
1.036567178487355134e+00
1.018735892872374649e+00
1.034938489524438232e+00
1.062781524122571097e+00
1.055677528451197666e+00
1.067918958330603241e+00
1.055431803055058682e+00
1.069758365483875151e+00
1.060337339716122207e+00
1.062389809845514677e+00
1.072772152085919251e+00
1.052841960112302688e+00
1.070261430227865906e+00
1.080057553628372302e+00
1.084369628505846173e+00
1.097181214373869063e+00
1.109378225250902794e+00
1.110344712382222765e+00
1.105617548525567262e+00
1.113560169978309977e+00
1.118087549423034677e+00
1.117767151232992973e+00
1.103190448970594595e+00
1.115903487942301542e+00
1.112771732366840238e+00
1.087865845454179858e+00
1.076832179660132116e+00
1.085817068782098493e+00
1.089076397060926293e+00
1.079997528102159876e+00
1.096317595300149828e+00
1.110567668742546754e+00
1.111117252264451016e+00
1.106736570077838433e+00
1.118178769416005025e+00
1.117003087003239914e+00
1.119278125933730328e+00
1.101349136654679706e+00
1.112808240712641616e+00
1.123071213502046639e+00
1.123138557551582650e+00
1.144270034606597486e+00
1.150317051371090749e+00
1.152141421555358258e+00
1.155836447303139281e+00
1.162800526892315833e+00
1.164326187551359304e+00
1.173976994290396814e+00
1.182854962778541630e+00
1.173606193072312065e+00
1.178826515180201095e+00
1.183398950490276880e+00
1.179596520636138957e+00
1.175751735084600069e+00
1.168742567290299128e+00
1.153035358819560985e+00
1.155966907311737790e+00
1.153418714462715045e+00
1.161590883784724637e+00
1.168393260872942596e+00
1.171693724108737955e+00
1.165216332197445581e+00
1.166154721036456898e+00
1.155408364393286647e+00
1.147234552660957529e+00
1.143976748523764408e+00
1.129494621997775061e+00
1.154376081165715329e+00
1.133766659495476947e+00
1.155894790805789052e+00
1.173080364906800899e+00
1.164636466451307584e+00
1.163147045706689697e+00
1.163188021390197058e+00
1.159328821667527931e+00
1.159939352001058355e+00
1.165512809629771329e+00
1.183268447163795312e+00
1.184256691422111762e+00
1.193225233896922477e+00
1.190775627902739942e+00
1.183092775461978885e+00
1.188390098371484793e+00
1.189327950757204322e+00
1.193400092500048082e+00
1.205403984297838793e+00
1.197650023173708167e+00
1.205226507563404992e+00
1.210296990033596920e+00
1.211923394809122589e+00
1.221508700683365145e+00
1.234405092558670702e+00
1.239130715663984361e+00
1.252971153625523026e+00
1.248613034900263763e+00
1.243079736447196160e+00
1.257627958869431239e+00
1.264749646783898562e+00
1.279043707821763576e+00
1.270308537604194488e+00
1.277702813619379985e+00
1.270881574114338441e+00
1.250325093208934035e+00
1.254724913667887742e+00
1.245198967942758861e+00
1.245787902884191389e+00
1.250191932895856173e+00
1.263942246403062741e+00
1.255498390460590974e+00
1.255733062162247560e+00
1.257533514229184357e+00
1.269680967550321782e+00
1.276759113516415134e+00
1.288110882911134292e+00
1.281431145624960966e+00
1.277727079514858533e+00
1.276487703202345836e+00
1.277443405247996822e+00
1.265828855132625330e+00
1.261379164208052295e+00
1.245561555653128982e+00
1.253487788654375823e+00
1.268551703115618157e+00
1.270072018752838039e+00
1.253133907896727406e+00
1.231669920058592105e+00
1.259576096648668653e+00
1.256207750064249895e+00
1.242495994481639165e+00
1.237622849103567013e+00
1.235045855628608358e+00
1.258587426615928262e+00
1.264075127811551180e+00
1.265023284322513097e+00
1.259032516309341654e+00
1.253458229314560857e+00
1.244254504223806235e+00
1.238605924896944543e+00
1.248625062085181314e+00
1.253915257606405653e+00
1.250108921838064324e+00
1.242194852853862885e+00
1.237342533296605929e+00
1.239861753157063484e+00
1.231119015017930529e+00
1.243044063333339500e+00
1.248524348277107343e+00
1.250959342750338266e+00
1.240844475265759028e+00
1.242542689027326563e+00
1.253777091005993105e+00
1.259420064137807271e+00
1.267709670554914458e+00
1.271595989964855677e+00
1.282910391446458798e+00
1.274352504686707022e+00
1.268577209399460726e+00
1.267696448376582019e+00
1.277171758880417451e+00
1.287324935681146698e+00
1.276374525719034869e+00
1.280445376866305551e+00
1.276576710493471101e+00
1.273286643018985309e+00
1.261804983932868218e+00
1.255138543255235106e+00
1.245829904047919712e+00
1.254641663106289329e+00
1.245573024024776210e+00
1.224545388415041014e+00
1.197464111177144686e+00
1.198923693068906671e+00
1.210485403270453508e+00
1.204056028267753042e+00
1.184341375771982285e+00
1.166569447530896309e+00
1.174538363350474235e+00
1.174262173098709505e+00
1.154299773897588643e+00
1.158827132190589193e+00
1.173833614602282305e+00
1.183789914762185758e+00
1.190796881582906419e+00
1.208686327015672468e+00
1.214971145631470462e+00
1.226612019699113265e+00
1.210414273131431795e+00
1.190900259580900622e+00
1.178230360120665177e+00
1.178230360120665177e+00
1.178230360120664955e+00
1.191739214106185107e+00
1.185846955465003960e+00
1.183411512814754207e+00
1.202986100601096231e+00
1.200714602903303785e+00
1.200714602903303563e+00
1.200714602903303785e+00
1.206030001080112379e+00
1.212141750400907547e+00
1.213263086997659945e+00
1.196218517104340684e+00
1.199201324300300575e+00
1.203037654355311181e+00
1.202717335104364071e+00
1.208718239177305476e+00
1.217846449673226417e+00
1.206487029592292259e+00
1.227920184473074050e+00
1.232034846885672108e+00
1.240793705184031426e+00
1.251332150302364887e+00
1.257533505858593692e+00
1.271074516649804309e+00
1.292308294857119844e+00
1.298302180667939343e+00
1.294532977327643275e+00
1.287971195662669821e+00
1.273271839499616975e+00
1.274351119251208697e+00
1.262920759110582214e+00
1.261642974415389640e+00
1.253745874562191887e+00
1.253646417672899194e+00
1.257146349344107739e+00
1.260105399937799797e+00
1.280175928829341059e+00
1.275512729531736111e+00
1.280843754973931548e+00
1.273365063929430718e+00
1.252908989288556763e+00
1.280610124268409589e+00
1.277543826639756741e+00
1.253366558111581153e+00
1.249478735276142061e+00
1.249954307805612785e+00
1.277474179750498040e+00
1.254546016915744078e+00
1.261013184183728431e+00
1.242232972364606836e+00
1.251207175886807743e+00
1.240263609938507150e+00
1.239504512133213332e+00
1.238243406410076242e+00
1.225946778766010770e+00
1.213799547012826663e+00
1.209537993345428886e+00
1.201823758200253334e+00
1.219581810980109537e+00
1.220637426619269883e+00
1.236118478676521804e+00
1.238846928670022107e+00
1.225817736003096403e+00
1.232410795239200496e+00
1.213619763053400469e+00
1.224592434039840638e+00
1.229062531164275329e+00
1.213647630151152290e+00
1.211712619699635951e+00
1.210214704346392001e+00
1.211058043785446348e+00
1.197387079575157998e+00
1.188796356258585929e+00
1.196261490186287135e+00
1.189159212924391307e+00
1.180348730560221826e+00
1.180841171285386348e+00
1.185019538323913268e+00
1.192741555046850976e+00
1.188418154166095198e+00
1.188129339900666048e+00
1.191566565043707282e+00
1.211347673783066181e+00
1.215421145842312978e+00
1.215556325231757384e+00
1.222586999831169585e+00
1.226413328620524990e+00
1.219197264391607360e+00
1.210893874356470779e+00
1.201939232617409870e+00
1.188543112370335608e+00
1.172019478989879460e+00
1.161763745164415385e+00
1.183020188287528640e+00
1.169417013629694413e+00
1.163824130248552580e+00
1.144288914372693755e+00
1.151321489364574679e+00
1.151156441623451876e+00
1.167368378061222955e+00
1.165284937819698552e+00
1.150911965345068566e+00
1.145840848037710913e+00
1.127261787643960123e+00
1.132936437618762504e+00
1.124414570918948142e+00
1.113275404472467756e+00
1.094678717370975995e+00
1.068868158200227514e+00
1.037044574841645472e+00
1.045458530460444235e+00
9.767944828095440624e-01
1.017455722641700921e+00
1.019422481325653607e+00
1.047727842826800870e+00
1.050737964745390274e+00
1.073703697588851425e+00
1.078164025132880344e+00
1.100504801494719631e+00
1.073510344897532054e+00
1.063765985922196178e+00
1.065160816895553975e+00
1.082070444653756791e+00
1.083577020699011850e+00
1.071231198351588088e+00
1.076738964158208578e+00
1.107102796538849798e+00
1.114622996446475334e+00
1.141950046660200613e+00
1.170250131557547979e+00
1.144588150613996325e+00
1.114043018322579126e+00
1.142442602973431143e+00
1.162052654324744916e+00
1.133426726053304856e+00
1.127327903267216103e+00
1.123216051542007765e+00
1.136051356432902004e+00
1.133609105983969245e+00
1.154244867452296930e+00
1.152261221240777234e+00
1.147418046193824370e+00
1.142618588603188323e+00
1.091180457137542525e+00
1.089756060823422690e+00
1.100165012260973629e+00
1.106361920916927088e+00
1.096980929570216645e+00
1.102097255780390972e+00
1.094613200804041009e+00
1.077593439769343409e+00
1.070326778052488326e+00
1.072161147085297417e+00
1.090581940320354715e+00
1.073379507139415434e+00
1.105100855308575714e+00
1.108797461699927211e+00
1.123891860719861802e+00
1.127144820518244828e+00
1.115752839012880360e+00
1.124378251992612432e+00
1.136516447748294523e+00
1.118873923206777699e+00
1.142473650600133617e+00
1.160517362418270970e+00
1.160890214901619810e+00
1.154160522738910455e+00
1.157304770575672492e+00
1.181897673803362192e+00
1.185410692715435088e+00
1.155315661797878812e+00
1.168963102555341971e+00
1.174652639019833300e+00
1.173721287519723600e+00
1.166897803323648786e+00
1.149315389745639626e+00
1.152257388269573246e+00
1.170689493723533481e+00
1.169389134141156417e+00
1.181486718038722294e+00
1.162688467485693655e+00
1.153346902856277723e+00
1.148150195604722423e+00
1.141424676764648316e+00
1.115194018250289965e+00
1.120742738080953371e+00
1.120024401845613804e+00
1.139385308356819282e+00
1.125522285764854136e+00
1.163459508392676645e+00
1.184126448640277829e+00
1.172301999717193510e+00
1.191570667381729232e+00
1.205408118067292644e+00
1.191817174756355069e+00
1.175628270216768634e+00
1.180961102492114723e+00
1.182030051058927889e+00
1.169356327524465833e+00
1.152310474045058930e+00
1.159185866459067515e+00
1.160523327399203053e+00
1.155515094351419192e+00
1.169959286851804503e+00
1.166831687912567084e+00
1.177123871667848709e+00
1.186535521921750380e+00
1.185045176466806405e+00
1.190573721583440214e+00
1.168588601983836295e+00
1.164841787966360620e+00
1.184608097832066553e+00
1.198353284443453237e+00
1.192657016514310664e+00
1.181841758363383343e+00
1.182491543535375111e+00
1.192804251695055662e+00
1.195411764727007942e+00
1.188890830281050803e+00
1.188731055007385740e+00
1.178917484987702879e+00
1.182926443423145235e+00
1.183041678745666792e+00
1.222314351196751803e+00
1.232878410866506735e+00
1.237487240090122897e+00
1.228731160041681481e+00
1.230822584395334429e+00
1.245972388980642220e+00
1.247911764066977680e+00
1.244226557387040355e+00
1.258627669221821233e+00
1.274274387596846747e+00
1.264442592345403016e+00
1.278125591953729101e+00
1.282274943617530472e+00
1.294455550640963404e+00
1.291596357199921608e+00
1.288516124603071189e+00
1.277313430643086667e+00
1.287688647409120701e+00
1.292008998481239956e+00
1.303589846256424822e+00
1.316045641777827679e+00
1.323533993709035794e+00
1.323533993709035572e+00
1.323533993709035350e+00
1.329305507041722345e+00
1.320998450408594760e+00
1.335030835755042666e+00
1.341551872419092906e+00
1.360107217769566113e+00
1.371774729208599553e+00
1.360600128298775635e+00
1.336639881445436995e+00
1.351116943556573302e+00
1.370937980452700877e+00
1.379389981114271579e+00
1.375841800723650143e+00
