1.000000000000000000e+00
9.999999999999997780e-01
1.000674007484563033e+00
1.003421483687785498e+00
1.009803759059844319e+00
1.008002478760015030e+00
1.007360336027486536e+00
1.015248750571164260e+00
1.012000102419574388e+00
1.002339172805099432e+00
9.949487554295163294e-01
9.999787751402811065e-01
1.010892762659645117e+00
1.019192362360716198e+00
1.013144991835372322e+00
1.009094400213018661e+00
1.009094400213018439e+00
1.009094640800101139e+00
1.006506607882064808e+00
1.003641089460374891e+00
1.016368099060468433e+00
1.016719048016383020e+00
1.008933487232455350e+00
1.007643420866917827e+00
9.985439542533195434e-01
9.883974466005610582e-01
9.924972232149362750e-01
9.915419968593670585e-01
1.001182723373717609e+00
1.006293407129886130e+00
1.003235388637105041e+00
1.013666040867794216e+00
1.024121680297078507e+00
1.028476635540192863e+00
1.027817232176396312e+00
1.032443893201757223e+00
1.033218834417615861e+00
1.024521841921347987e+00
1.027859293052941769e+00
1.028728427169801396e+00
1.037795209075335068e+00
1.033996134774857856e+00
1.038757139348788217e+00
1.026553586695555742e+00
1.023099416085342384e+00
1.030165078802757428e+00
1.049155195430066412e+00
1.053161556368787721e+00
1.065243893596264035e+00
1.060244529283600912e+00
1.064161608447271368e+00
1.070966235660792742e+00
1.077219820478155787e+00
1.063300263101213616e+00
1.052381462414823998e+00
1.048485937689993097e+00
1.050371393396361430e+00
1.053154424534998190e+00
1.046088698668001804e+00
1.037580537178153905e+00
1.043080277855245264e+00
1.043785398298161082e+00
1.038018938173518757e+00
1.020665567250504058e+00
1.024362789245309990e+00
1.020556251676317361e+00
1.032573924211330985e+00
1.028498461407140852e+00
1.032780825396211188e+00
1.016079405592019702e+00
1.016372208769622310e+00
1.037916973426626255e+00
1.038115097818252286e+00
1.038260738508103520e+00
1.050637522363033760e+00
1.048787224753836789e+00
1.053167272688732448e+00
1.051676849917350998e+00
1.050626887954848154e+00
1.051228265017678742e+00
1.065504319279185097e+00
1.067461107994911451e+00
1.067801845231489688e+00
1.061716217461626810e+00
1.066131341956534362e+00
1.072605913187959281e+00
1.081226921146966058e+00
1.079884135702687598e+00
1.086528544729345125e+00
1.086363921109018360e+00
1.088685462200280840e+00
1.084039312140963718e+00
1.087601677344994133e+00
1.082670582911974710e+00
1.098804396417071505e+00
1.105409831792844244e+00
1.099536888247370170e+00
1.099556714726656503e+00
1.099577003112862439e+00
1.099578021949338735e+00
1.099580136099401084e+00
1.102067457433392406e+00
1.103648177438553590e+00
1.100498285614804894e+00
1.103178985248260302e+00
1.113828059562265604e+00
1.111121715022285183e+00
1.112430085469305663e+00
1.122358044492830054e+00
1.121124824981477364e+00
1.123634906206450568e+00
1.123637041956822014e+00
1.123639325516550880e+00
1.122242164496295214e+00
1.125402898544589858e+00
1.115031227500027144e+00
1.115033508204980928e+00
1.115036248910532990e+00
1.123936665845715277e+00
1.120937150130204563e+00
1.120939017934657667e+00
1.120941388385156445e+00
1.115309735106179589e+00
1.124734034504066393e+00
1.123369441026615734e+00
1.112423612331180589e+00
1.116940292094241283e+00
1.107026969788217574e+00
1.098475156246360829e+00
1.104249509493468340e+00
1.090997894634891052e+00
1.089855368436601912e+00
1.090056709603972385e+00
1.104717242224888762e+00
1.122383916606123133e+00
1.134416740895331177e+00
1.132964248847946998e+00
1.135928815189271024e+00
1.146511543985796910e+00
1.134001477103059763e+00
1.135483259005906742e+00
1.137313167398358749e+00
1.136595027738147801e+00
1.132017788405947023e+00
1.147873693496901826e+00
1.141757181795606257e+00
1.152683361190235622e+00
1.155364883639310225e+00
1.153810194155693081e+00
1.159805840737758276e+00
1.164067989694035798e+00
1.163745189314503881e+00
1.165472200443736783e+00
1.179390924150048425e+00
1.177280973005856657e+00
1.181576624715728441e+00
1.187215808129194139e+00
1.170110512587739349e+00
1.178814167993776474e+00
1.168750130862714842e+00
1.161905663511767051e+00
1.165421417745190480e+00
1.161027063622394939e+00
1.152167142117505705e+00
1.164429123721983705e+00
1.174447130958339525e+00
1.181264469477746992e+00
1.184845471554377250e+00
1.189592784215796506e+00
1.189197466690507632e+00
1.188512522114751668e+00
1.194170298332104974e+00
1.195251509486224828e+00
1.200466905814123297e+00
1.199841925596991210e+00
1.204252492812580178e+00
1.192533109228473442e+00
1.186828487567387569e+00
1.192280939581742860e+00
1.206477994441286450e+00
1.203075568517877336e+00
1.210932989878126254e+00
1.203181941322345017e+00
1.206351988119200858e+00
1.205265677495092058e+00
1.193105892525286871e+00
1.198969954945200200e+00
1.180980937495994976e+00
1.177581705126703460e+00
1.180997437560476371e+00
1.180999688973564554e+00
1.181002222821194270e+00
1.181004755636507308e+00
1.197658273955704011e+00
1.212275820998942377e+00
1.222271411176712341e+00
1.215028473458975355e+00
1.215030695909502523e+00
1.215031923211205678e+00
1.208449232790900663e+00
1.199776545219418233e+00
1.199778595056813835e+00
1.199779698104614711e+00
1.188043166386666849e+00
1.196971857418706486e+00
1.209596705267010686e+00
1.211767778220889769e+00
1.214771821946741381e+00
1.211927517374500773e+00
1.202442400993189553e+00
1.174666553907730782e+00
1.162005379626842583e+00
1.163919499183013073e+00
1.128759317952390262e+00
1.131507949422830173e+00
1.131145554685808241e+00
1.105334629328512897e+00
1.131640986332753673e+00
1.119012493708235967e+00
1.119014547353978317e+00
1.119015503857402338e+00
1.119015969381485620e+00
1.119013921564034009e+00
1.134683374457276406e+00
1.137745504201464586e+00
1.137746366280067978e+00
1.137745833972830578e+00
1.115451247562593506e+00
1.124713972328393430e+00
1.096065698950501321e+00
1.115235828951158803e+00
1.102555889507402576e+00
1.082475727613195104e+00
1.089534514170558577e+00
1.106915509065055314e+00
1.099891073950569620e+00
1.112248609233691177e+00
1.119342100946472129e+00
1.123258104075575581e+00
1.128136750695779567e+00
1.128137624174162523e+00
1.128137479229408324e+00
1.120385373402435158e+00
1.120033051120581158e+00
1.141959562674298878e+00
1.163185989565276746e+00
1.166020553086798861e+00
1.167401667666450926e+00
1.151177585851328455e+00
1.162121924521317462e+00
1.159093100182903013e+00
1.164289080088262818e+00
1.150012983944752820e+00
1.156627484175169363e+00
1.141959958784343643e+00
1.123642628465872262e+00
1.120588175763489458e+00
1.118224371920760962e+00
1.147398704470095732e+00
1.151864499252837959e+00
1.138630610458893688e+00
1.163092302524842747e+00
1.163495877907720244e+00
1.167294577975068082e+00
1.181526651084372714e+00
1.189905645920231958e+00
1.185971124032972002e+00
1.172072019374497343e+00
1.188531569302385238e+00
1.180822944242599926e+00
1.194509655009121429e+00
1.175801893297439005e+00
1.179329696574846542e+00
1.191117616590697592e+00
1.179915862940542404e+00
1.180359925235866081e+00
1.194473274654481942e+00
1.194474437097713837e+00
1.194473064409375063e+00
1.199759368426245310e+00
1.197291364636843713e+00
1.192537038356531465e+00
1.196724980170945640e+00
1.188093489361832455e+00
1.196225135873847378e+00
1.195294653317387157e+00
1.195294857567350766e+00
1.195292210564023572e+00
1.200510005345245546e+00
1.199148070198364779e+00
1.203086584252580415e+00
1.208166113916429474e+00
1.201926880899248262e+00
1.190462105064578058e+00
1.180475546204538873e+00
1.184400705404256460e+00
1.182766536426118176e+00
1.197046747740407646e+00
1.201961369992559536e+00
1.200370135704143193e+00
1.204539125340226446e+00
1.204065382972641984e+00
1.195934291407768191e+00
1.211978006485487702e+00
1.217545850112932815e+00
1.203513360011204014e+00
1.206578138656488663e+00
1.232179604253891725e+00
1.241736895603244184e+00
1.242582493810780564e+00
1.245355614951303425e+00
1.242790126404957007e+00
1.240319777286845060e+00
1.250522182669720594e+00
1.259135334854056820e+00
1.259563879446743861e+00
1.259388913487767159e+00
1.267689567943109497e+00
1.270354950962416352e+00
1.279596937608032503e+00
1.279116076924584400e+00
1.282179069180289899e+00
1.266096034890509481e+00
1.278361912105962395e+00
1.278955707449104695e+00
1.283702412884251132e+00
1.291256329336265107e+00
1.290302088326014784e+00
1.293783182722543224e+00
1.296530102564388498e+00
1.294002711391025295e+00
1.287702393677497836e+00
1.288704770293635615e+00
1.288704653037262782e+00
1.288702309250117306e+00
1.293856512707744155e+00
1.308301705775302359e+00
1.315910299992824051e+00
1.313780566814554795e+00
1.313321383258446273e+00
1.312090384572280222e+00
1.319619708492799193e+00
1.319425240338884420e+00
1.330877184149136250e+00
1.329812374337002501e+00
1.322315589337455632e+00
1.328160075171831211e+00
1.328512267058873597e+00
1.329852037259981579e+00
1.327211876531521284e+00
1.316008744955304843e+00
1.294213518534652607e+00
1.292482826783689864e+00
1.309841828649460638e+00
1.297855975870793266e+00
1.279566645815799486e+00
1.291431069407296128e+00
1.304056980480875039e+00
1.304056937035412256e+00
1.304054804311651106e+00
1.304049469886109369e+00
1.304040108341710802e+00
1.303928189365224810e+00
1.315754364935284748e+00
1.320623402835158666e+00
1.326407763133621076e+00
1.323475343136858218e+00
1.314557362499835680e+00
1.320515965093211230e+00
1.316068645146703853e+00
1.316069202931687832e+00
1.316066173185546750e+00
1.315626554006727789e+00
1.315626937889440740e+00
1.315623397335105027e+00
1.315615801086463588e+00
1.316667416415402414e+00
1.313213065014622538e+00
1.301364302508631665e+00
1.299539249157270593e+00
1.302607816824650211e+00
1.292591632316634875e+00
1.314403215981078565e+00
1.317713223563985014e+00
1.322597914556999488e+00
1.317129352255927088e+00
1.313878285848126382e+00
1.311852909397594802e+00
1.324061675731405208e+00
1.315545148538838971e+00
1.317096745134187286e+00
1.334216507738010815e+00
1.330280181872427914e+00
1.326701535036979296e+00
1.334534256324713342e+00
1.343213385345907174e+00
1.337907553138970362e+00
1.349369763323514659e+00
1.353561950271520375e+00
1.353461629534937760e+00
1.354877713546758233e+00
1.360415373408404571e+00
1.353273813056519392e+00
1.361428607799829882e+00
1.350053385119781790e+00
1.358696162489858361e+00
1.369724545189355158e+00
1.369544068637229550e+00
1.366447625004114430e+00
1.372141923425544308e+00
1.369092449957108437e+00
1.361706834968452018e+00
1.368026669467530709e+00
1.368766867335427850e+00
1.378302250571159515e+00
1.338820859817241526e+00
1.321441566623864583e+00
1.305317837815944237e+00
1.298959388450551256e+00
1.287255324725347316e+00
1.298979879959639483e+00
1.302975840712390809e+00
1.321916482268276072e+00
1.324506521298314032e+00
1.319077934224516913e+00
1.302533753090110658e+00
1.271557942735764390e+00
1.295679984833551401e+00
1.297657729145500927e+00
1.315577946247083574e+00
1.324540450676560788e+00
1.326242228893716568e+00
1.351390283781678470e+00
1.359797851536302948e+00
1.346504420393824564e+00
1.348972861049118066e+00
1.340221098946927647e+00
1.358840701182903787e+00
1.361144625607106695e+00
1.364997318457188413e+00
1.380656067725713587e+00
1.385464582118085319e+00
1.390112071690176254e+00
1.390136293381948551e+00
1.390155536080030618e+00
1.386290642081777547e+00
1.381939884890324821e+00
1.391327154395793686e+00
1.408435735695180213e+00
1.408791161711790529e+00
1.403013771001300869e+00
1.401596568593511449e+00
1.424092546731096753e+00
1.420635581108682155e+00
1.409665738636142418e+00
1.409690283663490584e+00
1.409709873230305055e+00
1.400968062402686343e+00
1.406058911783684140e+00
9.385452502984455236e+01
5.389677133667127862e+00
5.399656489093819900e+00
5.448344668713739125e+00
5.448440451799254625e+00
5.448512819124817774e+00
5.467242845116837557e+00
5.435607882125022883e+00
5.476381475826233469e+00
5.467441407133038389e+00
5.513496052489113453e+00
5.500069008951195215e+00
5.500168526468385721e+00
5.500240895845059264e+00
5.508490521109984606e+00
5.515492189596032269e+00
5.548937998711897635e+00
5.500740983999095057e+00
5.515396625374317630e+00
5.515496610704740732e+00
5.515566281014624650e+00
5.509305991851748630e+00
5.572949043121056434e+00
5.627839199282285598e+00
5.614892746963737302e+00
5.574765724203020412e+00
5.464832678517822728e+00
5.408965529013208595e+00
5.407463167543889782e+00
5.453354679756349022e+00
5.419301357370029493e+00
5.447614295210938096e+00
5.551909711795895319e+00
5.633260919938202882e+00
5.613308138793348334e+00
5.603946250121860650e+00
5.621781392454529680e+00
5.558018956398047550e+00
5.558119446206778669e+00
5.558184486004004832e+00
5.513043467148905918e+00
5.492000102843948461e+00
5.545623812733641245e+00
