1.000000000000000000e+00
9.999999999999998890e-01
9.720745030562277789e-01
9.819297361087953036e-01
9.944012981028741427e-01
9.871414474593823707e-01
1.023490135690664493e+00
1.033681426295550709e+00
1.033048340407944243e+00
1.019460646119817904e+00
1.018530627928522447e+00
1.004599671611192013e+00
9.906220370264559039e-01
9.733056938769693023e-01
9.745049145953118552e-01
9.798194374475930335e-01
9.455037200215609117e-01
9.477071679373322288e-01
9.301446789232189483e-01
9.336002615409251248e-01
9.497911088605597296e-01
9.214477520580588443e-01
9.190836088545708549e-01
9.061552574740380228e-01
9.123716134572517067e-01
9.041564149422639529e-01
9.021075814302543794e-01
8.899975352222235792e-01
9.088108022061263114e-01
9.342650710407132131e-01
9.417147840441310036e-01
9.631873931524561616e-01
9.705068147454618543e-01
9.526963283446295838e-01
9.594775763104059774e-01
9.988450152146837180e-01
1.008516897025049541e+00
1.033085602808035741e+00
1.035381781343210683e+00
1.047812535205617346e+00
1.044072544738601005e+00
1.024869214118555361e+00
9.988244001511753511e-01
1.019197489398624201e+00
1.036535230210832603e+00
1.066497512345460086e+00
1.063163147119862595e+00
1.052440354804553779e+00
1.041330840967227500e+00
1.040706325887194028e+00
1.067462609399152162e+00
1.081656606564427303e+00
1.077426927413123181e+00
1.067208049366618949e+00
1.064707748330568249e+00
1.029856321290802734e+00
1.011648788741902116e+00
1.011648788741901894e+00
1.041197396504188744e+00
1.050176805320150342e+00
1.048801658035196649e+00
1.060335833100357172e+00
1.058772080336121801e+00
1.100543880371090966e+00
1.101555980709052029e+00
1.116134320586227524e+00
1.097284685873328725e+00
1.124244576629443770e+00
1.118696018377778323e+00
1.118224800748711223e+00
1.089249992703158698e+00
1.103766011626308163e+00
1.117243922125546796e+00
1.121573386401746086e+00
1.146425020984611409e+00
1.143375110854782273e+00
1.116854299641923953e+00
1.139791813826330991e+00
1.136489554806091373e+00
1.136666690228923082e+00
1.160869406641004575e+00
1.157197273747990085e+00
1.167535950595975924e+00
1.202780175565584475e+00
1.206931403265937952e+00
1.191929030243129795e+00
1.196726039495818794e+00
1.209133420988209862e+00
1.202568103368114372e+00
1.202636625535790982e+00
1.203623841149475515e+00
1.191850958779208547e+00
1.185979921078730959e+00
1.176322149489454905e+00
1.147625968089015069e+00
1.153403633427768193e+00
1.166981062294734306e+00
1.142026337683219817e+00
1.135573108837659495e+00
1.160552339095212604e+00
1.159134461644934833e+00
1.169144649680837977e+00
1.162195763659851666e+00
1.154771587458183646e+00
1.186327337512830482e+00
1.175209882383129845e+00
1.181432436947123188e+00
1.160750675161923207e+00
1.165860610197737346e+00
1.171614742204064141e+00
1.182746432822744831e+00
1.188393309172512735e+00
1.199714653215683491e+00
1.221727977341004578e+00
1.250379015112490944e+00
1.243058389660452123e+00
1.246806354365470160e+00
1.260823421257604382e+00
1.263921783727236958e+00
1.267083241989020115e+00
1.292993752120184192e+00
1.300309701652558880e+00
1.301035299663071187e+00
1.303385001784633124e+00
1.293822716478037815e+00
1.314225248881847996e+00
1.336406615617789617e+00
1.365099813258869199e+00
1.364463739306881918e+00
1.359690037412154995e+00
1.363810656078346950e+00
1.364662270043700998e+00
1.352652854931819748e+00
1.335842562475713313e+00
1.352651635330702318e+00
1.355851043083789564e+00
1.321678629424277496e+00
1.331279399435747912e+00
1.323041187363734883e+00
1.352610804959532231e+00
1.360600827565617621e+00
1.398861504549148149e+00
1.397160423206361468e+00
1.393434996085591848e+00
1.389576618132928321e+00
1.406252925158351763e+00
1.409768841263041583e+00
1.397879707873336264e+00
1.381845482251760737e+00
1.387196466293158403e+00
1.400953775426998948e+00
1.400275917296228467e+00
1.402831790730652006e+00
1.400128213171726532e+00
1.407367878876124134e+00
1.423804657613698676e+00
1.403520640433615130e+00
1.391546688634595519e+00
1.410041689219081906e+00
1.449554551218900311e+00
1.459412654182567382e+00
1.437021217989566058e+00
1.449103432014560600e+00
1.441543943188002608e+00
1.422414637139878479e+00
1.426890655085782944e+00
1.415406842335846349e+00
1.423982854299614464e+00
1.430808174085659967e+00
1.399994884766662118e+00
1.404175089970114865e+00
1.417588866516697355e+00
1.427560819991647634e+00
1.443443979370660157e+00
1.433235008380409070e+00
1.456644752509347773e+00
1.462101971634089503e+00
1.475467961320789945e+00
1.496342229532658941e+00
1.483569339627534456e+00
1.492173199794888161e+00
1.487053663268642634e+00
1.481394716044742710e+00
1.508900683676676513e+00
1.514373501943132805e+00
1.511658850070727755e+00
1.488264918136719128e+00
1.467592394241452380e+00
1.489163865090930683e+00
1.487206149934041211e+00
1.458125450347763419e+00
1.436513019359340282e+00
1.440541197909618321e+00
1.436474954880814892e+00
1.435148485936121210e+00
1.456636371337242775e+00
1.477385272129558169e+00
1.501745293596386421e+00
1.498591913164103451e+00
1.500229753124061149e+00
1.516338302717344710e+00
1.514524436227333348e+00
1.515899132622464007e+00
1.507445012672220086e+00
1.500823255961326819e+00
1.528066704168062229e+00
1.526017093803753832e+00
1.524802204005262452e+00
1.497402554337717628e+00
1.476421110406122672e+00
1.488040323118924313e+00
1.508286310299806088e+00
1.505380396762366013e+00
1.506369947253781705e+00
1.504141233070857453e+00
1.510504367687876659e+00
1.502189417425596751e+00
1.491952637093443279e+00
1.506026137177168378e+00
1.517502770167572956e+00
1.525511742101652413e+00
1.513570240391783894e+00
1.526746801917975294e+00
1.526917575954590323e+00
1.532388320130045667e+00
1.544579212480192920e+00
1.544145920613183787e+00
1.539105430512877071e+00
1.553583340713259098e+00
1.542942669210547901e+00
1.532133018761185683e+00
1.547010763454441218e+00
1.547677596064601646e+00
1.556568076476449569e+00
1.581392525415020955e+00
1.574998594434749766e+00
1.578691569858307275e+00
1.590225088040188473e+00
1.582199127527768479e+00
1.568703755313334280e+00
1.581995794712840464e+00
1.584004050520842144e+00
1.567606167405066753e+00
1.581992552554483344e+00
1.581412743092277085e+00
1.590844515503682999e+00
1.572639827671042045e+00
1.547020596519637303e+00
1.547141329089972706e+00
1.526894601188000689e+00
1.535438790846493040e+00
1.550524978570571255e+00
1.552650779086218069e+00
1.541098770228780390e+00
1.553253124598677148e+00
1.558655671580358781e+00
1.550737949412025918e+00
1.513950798421936916e+00
1.525438706464204541e+00
1.540757890996915735e+00
1.533982235126968074e+00
1.542076292048821573e+00
1.542214215935089561e+00
1.568971002093421108e+00
1.574557635381884868e+00
1.596237799648861033e+00
1.600784301035759638e+00
1.590570954457044772e+00
1.600921675506962183e+00
1.591270353157396844e+00
1.583011116826942066e+00
1.577490398799103355e+00
1.588882239740111668e+00
1.603960342387656723e+00
1.630026689131398809e+00
1.656713946303693064e+00
1.671095806960058994e+00
1.675024860667960525e+00
1.688831891168369514e+00
1.677256296859830353e+00
1.696640841015098156e+00
1.691375158672438817e+00
1.703833704820662875e+00
1.693060466730811120e+00
1.706554018891054403e+00
1.735818220408789525e+00
1.753283467747145163e+00
1.749551545490896753e+00
1.752850306579951001e+00
1.745658890557604259e+00
1.744633228364318223e+00
1.751754261475812813e+00
1.753581333786115026e+00
1.755126497316737089e+00
1.736672070978245941e+00
1.738754104080440621e+00
1.752851914482271400e+00
1.751577789765918824e+00
1.751577789765918824e+00
1.787244119301631740e+00
1.806507379548686565e+00
1.795366478919129927e+00
1.812297491429963880e+00
1.790181557930770273e+00
1.777487476031388125e+00
1.790186642818232476e+00
1.794683319772595542e+00
1.779617580443107139e+00
1.766010161301964310e+00
1.776668446983383332e+00
1.781649931282864641e+00
1.777351405014989005e+00
1.788378762775928665e+00
1.808176718330848587e+00
1.808596494016152745e+00
1.773281970897422122e+00
1.777794016105385344e+00
1.781352048166271018e+00
1.791780959288323150e+00
1.769633091383469914e+00
1.734807799800918149e+00
1.730471289399830637e+00
1.672996940902133245e+00
1.708444203414520191e+00
1.706782929374767388e+00
1.738589256030963481e+00
1.732027533568422317e+00
1.702940999172584124e+00
1.696722345355842876e+00
1.704865055602280410e+00
1.691477734463339599e+00
1.653146719359444905e+00
1.643173111436570411e+00
1.672924562142547700e+00
1.640533079681109063e+00
1.686161265879790205e+00
1.705386093845398188e+00
1.706253221093657402e+00
1.702572484266928976e+00
1.706627685925071747e+00
1.712654476614818178e+00
1.696253128228886631e+00
1.690185728755929651e+00
1.674339181076545779e+00
1.660548918058836865e+00
1.688595740275854462e+00
1.712354522076488195e+00
1.706985858405552392e+00
1.730756337406222478e+00
1.749756197700911509e+00
1.748645662430505787e+00
1.769499515412661150e+00
1.775695427460139308e+00
1.789638209175105077e+00
1.806033824437292878e+00
1.791917671729056583e+00
1.792199541412303976e+00
1.804312132218619080e+00
1.820508796245875693e+00
1.785990025159506001e+00
1.765944040122589875e+00
1.756329400683602104e+00
1.781435524510159185e+00
1.780080584174774883e+00
1.796791446673441817e+00
1.803848426973396757e+00
1.813305018067769891e+00
1.820328486337338125e+00
1.819659769024675855e+00
1.831264273702040812e+00
1.809275258579533974e+00
1.816037792111777849e+00
1.817713870615675464e+00
1.815417974819802049e+00
1.824583735867175260e+00
1.849025792100976506e+00
1.872826602866417556e+00
1.885898144132804211e+00
1.896031435584176084e+00
1.890724386171407811e+00
1.896003320568244499e+00
1.914161051428798999e+00
1.909102104876756911e+00
1.930221084176686475e+00
1.914010930633954111e+00
1.908649547294483551e+00
1.909397905345296520e+00
1.898741148861603278e+00
1.902471549148912366e+00
1.882049189417854151e+00
1.857035888223957265e+00
1.850350788782896050e+00
1.868376787450398924e+00
1.866023959916714547e+00
1.881688869570908418e+00
1.866103706204459201e+00
1.872704359958934361e+00
1.867260184545429080e+00
1.901856487407676877e+00
1.874771856425416772e+00
1.855680383496763008e+00
1.871989378403607018e+00
1.873899052184572200e+00
1.893341748392108892e+00
1.904439320387772971e+00
1.940799501633330371e+00
1.943883748734332562e+00
1.941321691059222365e+00
1.943519769808059294e+00
1.931165715235457991e+00
1.938105616350662253e+00
1.952226578131796009e+00
1.959635908519120839e+00
1.983117662771922030e+00
1.982344399408564550e+00
1.979854059713642478e+00
1.979134003953961995e+00
1.993948950410297849e+00
2.023509886543486402e+00
2.033959835406273786e+00
2.030069442301767779e+00
2.032589429494946476e+00
2.031582835761799988e+00
2.060905805145838876e+00
2.064476099212892546e+00
2.073717694642991383e+00
2.100463953208481893e+00
2.093946817817159189e+00
2.091053043616486473e+00
2.105920061207282146e+00
2.104766727736847809e+00
2.090076084505255949e+00
2.084821965618635531e+00
2.091604144366546958e+00
2.101539773390981303e+00
2.128263435855425989e+00
2.126775353524037016e+00
2.116262912354319070e+00
2.119775996876470892e+00
2.120684324536401988e+00
2.123433380377097279e+00
2.150765876380603903e+00
2.129219145986090300e+00
2.128381898759314161e+00
2.122929714138001689e+00
2.112852652788099750e+00
2.115230416395366131e+00
2.124172386420360770e+00
2.127382978455579110e+00
2.132612047286778889e+00
2.150794119560404116e+00
2.160034138426225603e+00
2.160201045787878193e+00
2.153882207572965335e+00
2.164839451925425706e+00
2.171893269826687067e+00
2.170387802873034122e+00
2.176324065463215440e+00
2.181728601252705069e+00
2.170035520118192007e+00
2.162360995709232458e+00
2.172141458676796422e+00
2.161359194380745752e+00
2.177463929985274937e+00
2.146527855394742446e+00
2.163181716197952298e+00
2.177753487493205409e+00
2.165360022974950560e+00
2.146356652820126776e+00
2.123477689629831300e+00
2.135638405819525687e+00
2.157196959083228283e+00
2.179138327768400885e+00
2.193794397206743074e+00
2.194037924338361645e+00
2.212323868605694965e+00
2.209996116759152862e+00
2.206273697902612962e+00
2.210426464815843595e+00
2.227384091680891576e+00
2.229069359035511955e+00
2.228319778775924576e+00
2.241292589207223962e+00
2.250144208882171704e+00
2.275252069871185334e+00
2.279988621399638760e+00
2.287388618368508819e+00
2.285545043677577048e+00
2.285234166448647741e+00
2.304524322040458095e+00
2.308364194193594621e+00
2.298446053266000710e+00
2.298942284289154259e+00
2.315073002245108036e+00
2.322565861634895867e+00
2.300480119920755406e+00
2.306774515279645943e+00
2.303797683711740429e+00
2.292174114525058481e+00
2.310882615449318500e+00
2.320661590238911831e+00
2.328255019547242011e+00
