1.000000000000000000e+00
9.999999999999997780e-01
9.720745030562278899e-01
9.819297361087954146e-01
9.944012981028742537e-01
9.871414474593824817e-01
1.023490135690664271e+00
1.033681426295550709e+00
1.033048340407944243e+00
1.019460646119817682e+00
1.018530627928522003e+00
1.004599671611191569e+00
9.906220370264554598e-01
9.733056938769685251e-01
9.745049145953110781e-01
9.798194374475922563e-01
9.455037200215599125e-01
9.477071679373312296e-01
9.301446789232179491e-01
9.336002615409240146e-01
9.497911088605585084e-01
9.214477520580576231e-01
9.190836088545693006e-01
9.061552574740365795e-01
9.123716134572502634e-01
9.041564149422628427e-01
9.021075814302534912e-01
8.899975352222228020e-01
9.088108022061257563e-01
9.342650710407124359e-01
9.417147840441302264e-01
9.631873931524550514e-01
9.705068147454607441e-01
9.526963283446284736e-01
9.594775763104046451e-01
9.988450152146819416e-01
1.008516897025047765e+00
1.033085602808033743e+00
1.035381781343208685e+00
1.047812535205615347e+00
1.044072544738598785e+00
1.024869214118553140e+00
9.988244001511735748e-01
1.019197489398622425e+00
1.036535230210830827e+00
1.066497512345458309e+00
1.063163147119860819e+00
1.052440354804552003e+00
1.041330840967225946e+00
1.040706325887192696e+00
1.067462609399150830e+00
1.081656606564425971e+00
1.077426927413122071e+00
1.067208049366617617e+00
1.064707748330566695e+00
1.029856321290800958e+00
1.011648788741900340e+00
1.011648788741899896e+00
1.041197396504186301e+00
1.050174521906415581e+00
1.048803069063464211e+00
1.060344013614839209e+00
1.058771893673746911e+00
1.100570241244307468e+00
1.101558818466465750e+00
1.116149506195729835e+00
1.097238276383887268e+00
1.124274788101450318e+00
1.118661469101290384e+00
1.118187890030684528e+00
1.081779757547693954e+00
1.096248506547965462e+00
1.109637072251303369e+00
1.114052098605834651e+00
1.138850080701346190e+00
1.135629402724803061e+00
1.109246570400495902e+00
1.132048287461254743e+00
1.120258951169783357e+00
1.120501146050822960e+00
1.144679606859262622e+00
1.140979488185750013e+00
1.151098348200401800e+00
1.185944760361937966e+00
1.190237277313152431e+00
1.175610943327449309e+00
1.180379244971717645e+00
1.192791025013918427e+00
1.186527608370488096e+00
1.186526110436949999e+00
1.187214635948192987e+00
1.175102178354926696e+00
1.169093270302573151e+00
1.159533986357589308e+00
1.130679319319676468e+00
1.136301830019267989e+00
1.150599632675853190e+00
1.125480668567984344e+00
1.118713496138309393e+00
1.143917786998169817e+00
1.142312115924867699e+00
1.151418687542390629e+00
1.140293728653508865e+00
1.130712760369909642e+00
1.179658389040521005e+00
1.142212980268774603e+00
1.148133579046874964e+00
1.128215915339832121e+00
1.134698992406239393e+00
1.141245632674874555e+00
1.150578287854896242e+00
1.155728800582801252e+00
1.165163104395020799e+00
1.186984288035188628e+00
1.214423052006532666e+00
1.208078223112602601e+00
1.211430532021236628e+00
1.224771153896352827e+00
1.227617417293258351e+00
1.230050192674746024e+00
1.253380488142117111e+00
1.260410872616496647e+00
1.261177084684679928e+00
1.262496204409920830e+00
1.252978563525904976e+00
1.272243881854762115e+00
1.292780286731022299e+00
1.319999376144835646e+00
1.317199150435032218e+00
1.313699247392804859e+00
1.318232723574237264e+00
1.319342035506825050e+00
1.307984284557693888e+00
1.292581891244812153e+00
1.309093585196768883e+00
1.311903445392269774e+00
1.278956740275986048e+00
1.288310435981420587e+00
1.280339217458323464e+00
1.308588349964891151e+00
1.317141139059863741e+00
1.352786769241740794e+00
1.350979070437842822e+00
1.347718909073003291e+00
1.344304827997276686e+00
1.359377711766862395e+00
1.356196904409085802e+00
1.345216770574229059e+00
1.330079771577810543e+00
1.335313462540125284e+00
1.342782919163890032e+00
1.343327210557868634e+00
1.346611171596477252e+00
1.343585750734098472e+00
1.350653652993915044e+00
1.366499339892886189e+00
1.347234120561560999e+00
1.336848532986264715e+00
1.354725003589858146e+00
1.391320383410197703e+00
1.400291531909636955e+00
1.379237102432741002e+00
1.390933485130954717e+00
1.383739646646728438e+00
1.366073979483868772e+00
1.369489228915075962e+00
1.358567046223484676e+00
1.366343750142461566e+00
1.372540113278361229e+00
1.343544754519033324e+00
1.347834046058212776e+00
1.361052198525244616e+00
1.370488735585750240e+00
1.385365591811325237e+00
1.376417577613936905e+00
1.398431373763425301e+00
1.403985037822585547e+00
1.416624520740119575e+00
1.435225230860818435e+00
1.423088002140618480e+00
1.431790985360005486e+00
1.427198705083387642e+00
1.422581209830051652e+00
1.447503810417925418e+00
1.452933184488705676e+00
1.450685747179534912e+00
1.429129185877113573e+00
1.409566244534853352e+00
1.429804742644045668e+00
1.428112953775040550e+00
1.400490996554917711e+00
1.380024740444563802e+00
1.384688617616066875e+00
1.380667781189102383e+00
1.379499946525619247e+00
1.400085250255756808e+00
1.419021045417185878e+00
1.442160501599151878e+00
1.439518341367561183e+00
1.440774753248868167e+00
1.456348738301644907e+00
1.454831865923133405e+00
1.456235623466561879e+00
1.448092647892473162e+00
1.441565493603691683e+00
1.467602642003656754e+00
1.465943868790553051e+00
1.465095737250315056e+00
1.439293206942574121e+00
1.419890292454635716e+00
1.430637939092761046e+00
1.449892085295618749e+00
1.447819777764066673e+00
1.448800046397163532e+00
1.446592431452812466e+00
1.451991816660134438e+00
1.444539350470992911e+00
1.434678651759987655e+00
1.448181221813051422e+00
1.459152301748915637e+00
1.467000907288186218e+00
1.455684081941511554e+00
1.468452947636686989e+00
1.469495423615852170e+00
1.474777773862472330e+00
1.486152488095091373e+00
1.485999745791149573e+00
1.481483174274220715e+00
1.495718242228722072e+00
1.485569414123359522e+00
1.475106969086870556e+00
1.487115071131557054e+00
1.487604786219373754e+00
1.496013294756641354e+00
1.519470457298826238e+00
1.513590746425246270e+00
1.516372106709694245e+00
1.527393735567591060e+00
1.520431437034803324e+00
1.507212209360919930e+00
1.519612301922282471e+00
1.521105883811245230e+00
1.506004237352413844e+00
1.519597416512944443e+00
1.519454016946698349e+00
1.528300153541465756e+00
1.510683208561346635e+00
1.486268464939002776e+00
1.486453301782352243e+00
1.467099262695928941e+00
1.475593746942720941e+00
1.489732300782210972e+00
1.491751730949794963e+00
1.480344017316640670e+00
1.492102293068032992e+00
1.497470395959858092e+00
1.489302888376836442e+00
1.454587101086285417e+00
1.465594394055470984e+00
1.480571799653572773e+00
1.474249526435144064e+00
1.481721642164984365e+00
1.481857135807602033e+00
1.507277873034270410e+00
1.512581499568591559e+00
1.532954544436510691e+00
1.537370671519664445e+00
1.527930080370283994e+00
1.537731105816666499e+00
1.528495605608472641e+00
1.521008820819646834e+00
1.515708685509574050e+00
1.521632230892881799e+00
1.534714068928768382e+00
1.559112596115498128e+00
1.584180780451692527e+00
1.597595731370183847e+00
1.601363202325125856e+00
1.614295104224605204e+00
1.603239812877178760e+00
1.621718566523080662e+00
1.616634672474908552e+00
1.628631895803793528e+00
1.618625482079949718e+00
1.631255150314058655e+00
1.658730053694871698e+00
1.675846511664228933e+00
1.671755001637013516e+00
1.674974579625179150e+00
1.667668390560784086e+00
1.666325520561316553e+00
1.673162773409601956e+00
1.671081014859644664e+00
1.672697751583565928e+00
1.656021295620183631e+00
1.658249352249571151e+00
1.671591371363780665e+00
1.670350598158347966e+00
1.670350598158347299e+00
1.703970536996087137e+00
1.722019800285178093e+00
1.703860893810117183e+00
1.719972104767391485e+00
1.700066861257130579e+00
1.688280895652767288e+00
1.700867467717414039e+00
1.705293416269578088e+00
1.690328482813607591e+00
1.677655089856712189e+00
1.688123979210839343e+00
1.692780079585621600e+00
1.688119673837205958e+00
1.698201473251621296e+00
1.716962312973420834e+00
1.717369224494350588e+00
1.683825435162134454e+00
1.688164603973676847e+00
1.691749513188460341e+00
1.701410517833558567e+00
1.679973012262656384e+00
1.647209212837894565e+00
1.642912774427557343e+00
1.588325885962910133e+00
1.621652987257203415e+00
1.620080469486968600e+00
1.651185955854043153e+00
1.644478356077201386e+00
1.609246374646619460e+00
1.603929351739846965e+00
1.611768788834492483e+00
1.598952377263049840e+00
1.555941394832080382e+00
1.543841889846928161e+00
1.575125026546780882e+00
1.539446236237537402e+00
1.583070295766328295e+00
1.601327978384804007e+00
1.601642783009055604e+00
1.598416953075510127e+00
1.602083702205038040e+00
1.603713673389739691e+00
1.581759974469189478e+00
1.569971249722427187e+00
1.550966969450115140e+00
1.538899255429207136e+00
1.570148599300848158e+00
1.595217119165307285e+00
1.585129109145601678e+00
1.613443789935179895e+00
1.629413600918890870e+00
1.628085393424211436e+00
1.644000269213925058e+00
1.642272771158007849e+00
1.651721658850029417e+00
1.643494020934012312e+00
1.632371197484453251e+00
1.624544756718966365e+00
1.625278014113752167e+00
1.626210196112096495e+00
1.598438554789199495e+00
1.578938006468334487e+00
1.565185499940860758e+00
1.583903630877395941e+00
1.583407701139167623e+00
1.609770241502796795e+00
1.614822853338019781e+00
1.623867803338433280e+00
1.632244465739799866e+00
1.631445789890308751e+00
1.648561918714631869e+00
1.643109772195753493e+00
1.646671830347763654e+00
1.650856939153630298e+00
1.641281090368695628e+00
1.642202940065557559e+00
1.669947782793574032e+00
1.698241732242374180e+00
1.704833371769290062e+00
1.714500016406654614e+00
1.708296002877395248e+00
1.700765098230954342e+00
1.708794450266104326e+00
1.698178710756045096e+00
1.722847821476525487e+00
1.701604258637865019e+00
1.695653739092829460e+00
1.698335053084102597e+00
1.685595928462283233e+00
1.689579552150079156e+00
1.670170254125492137e+00
1.650203087419655823e+00
1.645816944145036986e+00
1.653686796486384614e+00
1.655341256654387694e+00
1.669534455111230553e+00
1.650749875617234741e+00
1.647328874555825218e+00
1.631813114633529294e+00
1.656974335350743344e+00
1.642498836269289608e+00
1.617369264128925233e+00
1.636755620292040581e+00
1.637683196654088569e+00
1.659905932671813744e+00
1.670888268554906908e+00
1.711379443107091447e+00
1.715947944287626203e+00
1.714688856940138617e+00
1.721744252456141266e+00
1.706981772514870377e+00
1.713233564977307166e+00
1.720802972832084610e+00
1.729847205778813235e+00
1.755320999914433022e+00
1.754398972413088842e+00
1.755893723957701935e+00
1.750445236933980020e+00
1.752146370944176468e+00
1.773862708279831724e+00
1.781821679695827054e+00
1.776048818553522368e+00
1.777928934353660839e+00
1.776728840988057945e+00
1.793546436802598620e+00
1.795552289784410060e+00
1.810948432104615424e+00
1.833882781685359342e+00
1.823783619192385519e+00
1.818066753051443385e+00
1.831291509365585934e+00
1.834377120874621792e+00
1.821362602986869250e+00
1.821790138746265164e+00
1.832125039981340464e+00
1.842566830739528871e+00
1.866773992937599047e+00
1.862738259297281207e+00
1.852454573806778582e+00
1.861949444052750646e+00
1.862132307606712223e+00
1.864509500454423874e+00
1.884465945010669996e+00
1.863271733229131311e+00
1.862723355855383067e+00
1.860482410253806229e+00
1.851844209303118216e+00
1.859994661168764996e+00
1.875908365144955070e+00
1.887656259770167599e+00
1.889556911270576789e+00
1.910982783336906632e+00
1.921976282051566898e+00
1.924411452350926810e+00
1.923488210342429117e+00
1.936609944234545022e+00
1.938227686464692567e+00
1.934171887633052256e+00
1.941238046923584148e+00
1.944977976558901034e+00
1.929190758354873303e+00
1.924532132873488122e+00
1.931685166789816499e+00
1.924000308020615835e+00
1.922950165893479779e+00
1.893959363855300948e+00
1.907050159374668263e+00
1.917656019868728690e+00
1.909618188279329720e+00
1.887604984836043220e+00
1.857910528780117199e+00
1.883239767964252298e+00
1.905277604543859971e+00
1.923719897015505387e+00
1.941132233076180880e+00
1.937092024779037747e+00
1.939523676054919044e+00
1.935159720780461834e+00
1.926143600524231170e+00
1.925860243708067632e+00
1.933059190370314928e+00
1.930514947215750121e+00
1.929622443959432943e+00
1.926616872051507556e+00
1.930345372894421319e+00
1.945744813040988896e+00
1.949981443790231417e+00
1.954262025610092435e+00
1.949792259784233650e+00
1.949422201538717481e+00
1.951218262857341124e+00
1.958471886093070102e+00
1.957857509193362100e+00
1.960249296651541462e+00
1.969510846726835407e+00
1.978416378496020700e+00
1.963689434229446640e+00
1.967467812031223451e+00
1.960648390984374378e+00
1.944427712200693881e+00
1.967749023080627602e+00
1.980508794798072403e+00
1.984902122843543060e+00
1.992469417828929723e+00
1.973796347324171974e+00
1.975110566562053416e+00
1.962019234690379088e+00
1.932729476078871578e+00
1.941391639185605866e+00
1.929787082004687626e+00
1.918233555261742218e+00
1.931399653161654850e+00
1.945275782003181186e+00
1.910715811519036356e+00
1.890885024830030403e+00
1.911680918514467198e+00
1.939302421539863097e+00
1.951486713166177722e+00
1.954484623584759273e+00
1.943232124468327493e+00
1.942238835318840007e+00
1.935142344929461133e+00
1.920205711337066079e+00
1.948546520740199073e+00
1.958006498606902790e+00
1.963468664558973842e+00
1.957231229034389619e+00
1.964289362081982571e+00
1.965591866686197120e+00
1.987913906503133932e+00
1.965253440029440357e+00
1.937512634885648843e+00
1.913469580150494398e+00
1.935717540402612569e+00
1.955435260908860773e+00
1.943398994995934048e+00
1.939548052987168258e+00
1.957023507975388821e+00
1.965282901342743083e+00
1.926366114976063804e+00
1.905809828532518235e+00
1.911328504968796693e+00
1.866252907344866374e+00
1.876792455147398675e+00
1.861815208649622466e+00
1.815993678734390437e+00
1.842383125739079919e+00
1.846609393295203239e+00
1.842580680353043343e+00
1.846146745263250288e+00
1.864536891285666798e+00
1.882774320259073209e+00
1.907650276170079762e+00
1.910416686114436047e+00
1.906522819565532822e+00
1.921747241771035508e+00
1.956138938561993834e+00
1.955277203514379059e+00
1.975707224586226385e+00
1.975693090767519200e+00
1.983648409952061042e+00
1.999026697338711855e+00
1.987294957596769551e+00
1.992440979191204553e+00
1.985655539084380639e+00
1.964011745153782629e+00
1.966615881155786116e+00
1.970669963894134069e+00
1.957755522771274181e+00
1.913856847487797719e+00
1.931403989307816982e+00
1.975035576146992877e+00
1.979770359401853197e+00
1.980511065147891658e+00
1.980511065147891214e+00
1.983228632883410780e+00
1.983040208148681760e+00
1.997533885009956434e+00
2.013439421899781312e+00
2.010350113911671066e+00
1.986789158426591095e+00
1.962584644382550758e+00
1.948849399605709021e+00
1.966561000699383222e+00
1.953453197225921922e+00
1.973693546747407934e+00
1.970099603657593068e+00
1.954810247013140101e+00
1.968816881881117364e+00
1.972884908031129925e+00
1.961178098649739576e+00
1.964752280457174205e+00
1.977738524045191681e+00
1.976955081417184346e+00
1.948488865757656230e+00
1.976298572415262633e+00
1.975597603575917738e+00
1.983144029171577172e+00
2.006625467889553871e+00
2.008686061858845129e+00
2.025521405767241490e+00
2.017398004143380330e+00
1.999418057997570886e+00
